-5.8166,-1.1959,4.414,0.31347,-4.3366,-0.60737,0.99071,-0.24963,-0.56548,8.8845
-2.6077,4.1487,5.6504,3.2483,-3.3874,1.2745,2.3611,7.7952,1.734,2.1064
-1.1797,3.9667,-0.13455,-3.4667,4.3959,1.1294,5.4165,5.1273,0.18787,-2.3324
2.2498,0.45874,-7.7314,0.1275,-0.49771,-2.2012,0.28132,6.5097,4.7807,3.1668
3.4568,-3.4408,0.66841,1.3827,0.25961,-4.7919,1.9644,-2.8459,3.5479,-1.9766
0.70817,-0.47764,0.11022,-1.1776,3.4491,-2.9473,0.01094,0.5038,-0.63788,-0.73735
-0.80786,-2.2711,2.9353,3.2516,4.1638,-0.25735,-2.1587,-1.8621,1.3022,-0.9803
-4.8111,-8.2681,-1.705,-6.9681,12.67,4.3766,6.6285,-4.3618,-3.4251,-7.0009
-2.2688,-2.8637,7.4648,1.3428,-2.921,0.44378,-2.3485,1.9004,1.0693,-6.0118
-1.5367,-0.14548,2.3145,-2.9579,0.7001,-5.0406,-0.63681,6.4993,0.77654,-4.5021
-1.5653,-3.2475,0.64237,8.5345,-2.11,-0.32108,-6.9862,0.0043642,-5.1986,1.7369
3.5016,7.0223,-8.1913,0.55628,0.27964,-0.14175,-0.46312,-0.36678,-1.4245,-0.57266
7.8141,-8.1909,1.5239,-9.0521,-7.276,-3.1249,-1.9807,2.0465,4.5868,2.4078
1.0921,3.4034,-3.1509,-0.47433,-0.27107,-4.1336,0.86399,3.2497,4.2272,0.49783
-0.70285,-5.7681,-1.8597,-0.11365,-5.0678,0.24384,-8.2544,-4.9923,-0.87965,-13.982
-4.0828,5.0436,2.666,-2.797,-1.7786,0.38479,-2.7933,0.8772,-0.5412,1.8321
1.2017,-11.897,-2.3607,8.6864,3.8808,-4.9069,8.7614,-0.81185,1.1066,-5.7678
2.9358,-2.157,-4.4943,-0.46181,3.0284,-0.79861,1.0899,-5.1508,-0.38427,6.8246
-8.3541,5.5293,3.5763,-14.162,-0.30594,-4.3107,0.69532,0.62388,7.5206,-0.57794
0.023471,-6.0409,-0.86839,3.3413,-2.6095,-2.1268,-1.6149,1.2771,-0.96828,3.679
-3.3623,-5.6005,-2.3604,-1.0045,-9.5957,-11.321,-1.3945,-7.5912,0.034393,-7.8606
2.2241,-1.2778,-1.6713,-0.40133,-0.67846,-0.59866,-1.5665,-3.2537,2.5364,-5.1051
-1.8227,-3.6131,7.3739,0.34923,-1.0832,10.763,4.8572,4.2038,-2.0177,0.21341
1.1404,1.9833,-1.3387,8.6792,1.8533,1.3559,1.6486,1.6943,-5.5469,1.3397
-0.79088,0.98278,2.5704,-3.9374,1.1917,8.9991,0.60751,2.3123,0.78578,-2.628
-2.993,-6.545,-1.6649,6.8962,-3.8974,1.9838,-3.6528,-0.68408,8.4535,3.0441
-0.70443,-2.4958,1.2756,-3.4542,-1.4659,4.9325,4.5514,-0.48169,-9.7798,1.7115
-4.7436,3.2407,2.6478,-0.96826,0.94545,0.7019,5.0128,-5.7579,0.64558,-0.88099
-1.9582,-4.9698,-3.2665,6.9711,-1.3547,-4.7354,-1.2602,4.1605,1.1976,-1.4159
2.093,-5.8929,-6.6705,2.1343,-3.1234,0.68684,-2.4089,0.77301,0.87441,-2.8017
10.386,-4.4906,-1.0498,1.7863,3.4854,-0.57589,2.4507,-1.0144,0.36034,5.9952
4.5538,2.6289,3.0656,3.6527,-0.9484,-1.185,-3.6332,-5.685,0.14339,5.349
-0.86566,2.4355,-1.8065,-1.833,1.3731,-3.8667,1.0196,-7.2705,2.0755,-0.0011407
3.0808,-7.349,3.6857,1.0475,8.4947,3.961,10.267,-12.669,-4.4656,1.6521
-0.31707,-8.5862,0.34387,-4.0337,0.17847,-11.106,-0.96585,-8.5754,2.2038,-8.1637
-2.0244,0.22688,5.3885,-0.55768,0.06096,-5.3157,-5.4037,1.0514,1.096,-0.16717
0.29903,-4.9636,-3.0778,-1.8078,-5.922,2.1643,-4.5622,-1.6022,3.0686,-0.8796
3.3822,-2.3181,1.9379,2.8056,-1.2295,1.2891,-1.908,-3.4024,-5.5072,1.5477
-3.3188,-1.9504,7.4678,3.0834,4.84,5.5012,7.8356,-4.1534,-3.3077,-2.4829
-2.1762,-1.9789,-2.009,0.32143,-0.82959,-2.4246,-4.1648,-2.2551,-3.529,-0.060246
-3.9245,-3.0733,-5.701,-0.88212,3.999,0.90418,-2.4456,-2.3673,1.198,-2.8536
2.6161,-3.0816,0.2073,6.8805,-0.11897,5.5244,3.2072,-2.0015,0.42849,10.562
0.4848,-1.693,4.7582,-0.48432,-4.0692,-5.3105,6.0217,-7.9389,2.2639,-1.483
4.4555,-0.60807,2.6592,-1.8676,2.7277,3.4259,-3.2173,3.0797,3.5224,6.5769
3.0451,5.4507,5.8974,4.1524,-3.2911,1.7755,2.5288,4.7699,-1.8406,5.1007
-0.89605,-3.1755,-7.3973,1.2538,-4.4344,3.6386,0.38902,4.9686,-2.3833,2.5409
0.098039,2.4458,0.83618,-1.4137,-2.5445,-4.1755,1.3193,-0.16337,-7.8515,6.444
-1.4867,-5.3479,-0.86261,-7.5466,-0.93662,8.1182,-1.4438,1.078,8.9065,-1.0835
1.3607,1.3826,-7.4993,-11.353,5.0061,0.8277,-5.3722,-6.7549,0.53113,-9.1107
2.1498,1.6715,-4.6305,0.72932,2.2001,1.9103,0.2679,-3.2497,-2.1657,-0.63547
-4.883,5.766,15.635,-3.7402,-5.1058,-6.2036,2.2183,5.7351,-1.9623,-2.0917
-1.3293,-6.2634,2.1691,-4.2616,8.4705,-5.2985,-8.8274,3.3536,-2.0093,0.2392
-0.20074,2.8756,-3.4031,-3.7053,-7.9177,-2.2571,-0.66264,-0.51402,-6.8374,1.5165
2.3885,2.4202,-2.5832,6.8678,2.7142,1.449,2.4461,0.72818,-2.86,-2.0965
2.3805,2.1121,1.1053,0.41622,-0.9097,-0.92439,-0.94003,1.8128,-3.1377,0.52803
0.83888,12.273,2.5474,16.309,10.447,-2.8847,-4.7253,0.59545,0.57964,-1.8469
4.4179,6.6008,-2.374,-1.4734,-6.4224,1.5774,-2.1086,1.0172,-0.94402,5.5254
1.7268,-1.0998,-1.247,0.524,-3.9481,1.4453,-0.56373,2.2138,2.9018,-3.6642
0.80104,-3.0147,-2.8317,-0.30509,1.7065,3.3122,7.1468,-1.9905,-9.1095,-0.36144
0.94678,2.2231,3.1862,3.7809,2.0714,1.7101,1.1793,10.25,-1.7318,1.8184
1.5536,4.5029,4.7761,-6.3006,2.6916,3.5512,-1.1664,0.88082,4.481,-3.2421
-0.48239,0.5362,1.3806,-0.19905,-0.43683,1.6654,2.9715,1.6699,-2.3111,3.1411
-5.431,-4.1626,-1.8222,0.88927,-1.7507,-2.1045,5.039,-5.9574,-9.7495,-0.20139
0.88275,2.7502,0.66744,2.9254,-2.1124,4.0345,7.5051,0.030786,-3.1908,-0.024112
-7.7896,2.2096,-3.5402,-2.6629,-4.806,-2.0509,-3.6703,5.178,-1.745,-2.6785
0.27953,-2.8697,1.1295,-0.28266,-1.8993,-1.1344,-3.4227,0.53183,1.0574,5.2928
2.4172,6.586,-1.1068,2.6489,-0.2347,0.017553,-0.59954,-4.7159,-4.1504,1.3311
1.1454,-5.9885,-0.87624,-0.013381,-0.85837,2.5906,-2.5449,-10.203,5.1025,-7.6115
2.6579,3.1171,-3.1905,2.8309,3.6813,-4.3859,-2.3385,-4.4769,-0.82705,-6.0685
0.2598,-1.1674,-0.37928,8.1878,-1.3222,2.5862,2.6345,5.7206,-9.2384,2.7387
0.019369,1.3078,-0.40499,5.8819,4.4783,7.1287,-0.3018,1.1096,7.3045,6.7134
1.6487,2.2465,-2.0956,-5.4812,1.1854,3.3967,2.0773,2.9406,2.5666,-4.1308
-11.887,5.2451,9.0251,3.5744,-1.2041,-9.6368,-4.6227,1.6143,4.7996,2.0968
8.6996,0.22422,9.3442,1.789,4.9785,5.1067,6.491,1.7749,-6.3207,12.178
-1.8491,-9.0991,-5.9434,2.0466,7.9959,4.0894,-5.4613,0.8538,-4.2397,5.6536
1.7803,-3.9782,0.79692,5.1906,-1.3899,5.5928,1.929,3.6963,-0.35293,1.1772
4.9346,1.3889,7.0873,0.88825,-2.9175,5.6842,-0.90647,1.7722,-0.23432,2.8911
4.6732,-0.25397,-1.921,-2.3186,3.5467,0.50882,-2.8574,1.5559,-1.3888,-0.99258
5.1593,7.0593,3.9491,-5.2141,-1.1866,0.1558,-3.3806,0.1346,-0.28801,-1.0676
-7.1129,4.542,7.3972,-0.40511,3.7807,-7.5345,1.037,-0.46878,1.6109,0.60943
0.037229,-2.4264,-4.7499,2.0061,-3.2478,-0.42694,1.3374,1.9072,2.3076,-2.33
0.93316,-0.7583,5.7898,-6.5063,-1.8072,1.9537,-3.4047,0.9774,0.55033,-0.54272
-0.79001,-2.6467,1.4549,0.7096,-3.5644,-1.4841,2.4043,7.3329,3.2408,-10.527
-4.415,-0.82547,-1.4084,-1.2378,2.1126,-3.1634,1.38,-1.259,-1.5712,-8.4717
2.2701,1.1944,3.769,2.9461,2.1268,-0.018553,-7.641,-7.9848,-0.7255,0.77833
-3.7051,1.4546,0.41003,-3.6675,1.9321,1.1172,2.0851,-0.58529,0.12376,-0.13538
-1.9924,2.5138,14.591,-1.6268,-1.7362,-1.6794,-1.6836,-0.12831,5.6082,8.7988
-1.4657,3.0568,-6.0646,2.8207,0.85232,6.0794,-1.8112,5.0831,4.8648,0.86699
3.2513,2.5524,-0.32392,-10.005,6.5325,4.3486,7.3921,5.0401,3.8589,1.0984
6.6552,-5.7308,4.2839,-6.2655,6.2025,2.5004,3.9579,-0.083226,-2.6815,-12.688
-6.057,0.55642,1.6553,2.0998,0.80814,1.0457,-1.9877,-1.4956,1.2354,-2.4936
-9.0784,-3.2986,4.2113,-10.22,-4.8906,9.1313,-1.1993,5.2359,2.5621,0.20967
-1.1405,-3.5331,4.5565,5.3193,0.051998,-1.1487,-0.95572,0.71632,2.3721,-3.4362
4.345,-1.1488,-1.8116,1.2112,-8.1405,1.2273,5.0413,-6.6605,0.29933,-3.4081
-2.7862,-0.92945,-8.7237,-8.5467,6.2644,1.8371,5.7404,-1.8142,1.2875,2.714
-7.9885,3.3768,-1.9124,8.5087,-0.98109,-1.085,-0.078069,5.8132,5.992,-9.4558
-3.6382,2.8271,1.7174,1.1476,-0.55402,1.1778,1.3244,7.6514,-7.6981,0.65602
-2.5381,-0.47176,-0.384,-2.4605,3.9245,0.87654,-1.1799,-1.355,2.9015,2.0482
-1.0515,0.58907,-7.1,-1.5749,-6.2415,-0.29812,-2.1095,-2.0026,0.93322,0.58894
-4.9328,-10.067,-2.7167,-8.8632,-1.2472,-1.4115,-16.228,-2.3545,-2.3147,-1.4102
-0.20433,-0.7852,-2.7935,1.6147,4.4057,4.3334,3.2463,-3.0393,-0.90215,4.2632
0.18307,5.1622,-2.0879,0.55589,-1.3854,2.1483,-5.1721,0.45209,6.5883,-1.3379
2.8575,-7.8576,10.267,-0.93841,-0.22394,4.0143,-4.9924,1.4547,3.7475,5.0284
-1.5278,-2.6954,-2.9246,-1.9099,-5.9549,-1.6541,-8.2513,-1.8739,6.3745,1.8604
-0.72175,-4.9414,2.3698,5.3036,2.5163,2.3862,2.9147,2.609,5.456,1.8297
4.0617,0.31825,3.6178,3.4352,2.0636,-5.0989,5.3664,4.4454,-2.1255,-2.8751
-7.0856,2.7476,-1.8387,-1.9764,3.413,2.1139,0.057982,6.2352,2.641,5.7804
-2.2465,2.7953,6.3718,-5.8777,7.3351,4.1141,6.8553,-1.0451,-4.7021,1.3785
-1.3899,-8.1048,-1.5517,-0.061428,-1.9345,-2.8005,-2.2023,-1.9707,-2.1453,-3.8271
-0.39819,2.9976,4.8483,-0.37671,2.3039,2.554,4.8261,-2.9853,-0.56367,-4.2902
0.62302,-6.0532,2.4011,-3.2103,-2.0421,1.2978,-1.9472,2.4902,1.911,-2.5629
0.79778,1.5575,-0.25531,3.35,4.8183,-8.4618,-1.7752,0.29125,-0.087467,4.2705
4.2364,-2.6193,-10.487,-5.7172,0.9621,4.766,-5.3161,-3.3493,-4.9331,-2.6485
-6.9418,-4.9353,-2.4109,4.5402,8.2552,6.8126,-9.1404,-5.8747,-3.3233,-2.3962
-4.091,-4.2037,1.176,-10.901,9.0313,6.0443,4.789,-11.995,-10.697,3.6035
2.3473,9.8708,1.8454,-5.0625,1.6678,-0.82499,2.6816,14.758,0.51921,-1.6691
-7.6583,4.7745,0.74481,-3.4686,-10.168,1.4023,-1.726,5.8307,-4.4759,-0.048453
5.2624,2.6956,2.2919,-1.3337,-1.1891,2.7951,-6.6708,-4.8373,4.7638,-2.5862
-0.93874,0.80642,3.3902,-3.7859,2.2408,0.13749,6.0377,-0.46073,-5.4571,0.44421
8.3121,-1.8492,-4.4359,0.1984,-1.7724,7.8886,-3.0774,-4.8932,-5.4915,1.6533
-1.8604,-2.1076,3.3955,5.2171,4.162,-2.2365,2.6826,8.3498,-0.21255,0.44359
7.7297,-3.3002,0.40653,-3.0995,4.5156,0.77152,-4.9845,-6.2132,5.2938,4.5985
0.15682,-3.6828,2.4607,-7.9352,-4.577,-0.44928,1.1104,2.1125,2.5712,-0.69831
-6.8689,3.7963,0.20028,-5.7782,0.090856,8.3368,4.7643,3.631,-0.21723,2.7408
0.44537,-6.5091,-0.53297,3.0436,-4.7928,-3.3056,0.23878,-1.2,-2.7855,-5.355
-3.1553,-6.8333,-3.3294,-2.4269,-0.73944,-4.4425,0.034979,12.558,-1.2152,0.77379
0.46093,-2.4759,1.6887,-0.036027,0.4115,2.165,1.9213,-5.4739,0.46815,-4.6516
-2.9946,0.49495,3.05,2.2783,-8.1456,1.7987,1.0348,-4.7117,-11.579,-6.2092
-1.5203,3.1542,4.8086,-2.836,-0.40282,5.6996,-1.5319,-1.3757,3.13,4.6292
5.1219,2.4507,-4.0894,-1.5869,0.21188,1.7361,4.684,-1.0509,2.0031,3.7392
-0.80503,-1.2213,-2.3158,-2.9663,6.1173,4.1898,6.0995,6.6794,-0.12275,2.8207
-0.6284,2.9062,4.7571,-0.0074757,1.5452,-3.418,7.4002,-3.1164,-2.34,3.8007
6.3176,-2.2847,-5.4312,-1.7301,0.81909,0.78287,0.15647,-2.8812,4.9771,-1.9266
4.3092,4.6239,0.96716,6.3291,-2.6513,2.0093,-2.6769,-5.8969,2.2861,3.9703
2.2835,0.15889,-1.6898,2.1377,-0.39704,4.0672,4.0055,-2.1107,0.060669,-2.4412
5.1394,5.0355,-4.553,5.7922,0.44,11.623,-2.8704,0.94082,1.6475,-0.0090239
1.6312,-0.70585,7.4509,-10.61,9.4264,7.7097,3.6913,-5.9122,10.945,2.4426
-1.8282,2.2653,-4.3457,0.26795,6.0458,-0.076718,1.5849,-0.45568,-1.4262,-6.4074
-0.59017,-5.9962,3.3532,-6.1422,2.4257,2.6014,-0.30165,-0.25312,1.216,2.0259
1.3597,-2.2085,2.8132,2.6648,-2.2089,3.1506,4.7392,4.7081,5.4222,6.1615
1.3618,2.4765,2.2441,-5.8167,-0.50338,-3.3036,-1.0376,5.7094,2.2727,3.6653
1.0292,3.152,-2.3856,-4.8489,3.5115,3.3637,0.25195,-0.24411,10.593,3.3334
-0.31839,-0.51202,-0.13002,1.4605,2.0409,1.4034,0.24299,2.0182,-1.9967,3.0928
8.8816,2.0751,7.1379,5.5043,5.122,-10.894,-0.0059016,-4.6875,-0.36807,-3.116
7.348,-7.2281,-0.79392,-0.56739,0.19516,-5.9397,5.2819,0.95699,-3.9981,3.4462
-2.6029,2.2428,-0.074938,-1.7011,4.0227,-1.3568,2.4766,-1.6059,-0.09377,-0.31119
-0.46767,-1.4384,7.2512,2.1367,-1.2933,-3.1055,-2.1755,0.47241,2.3752,4.236
0.76014,-7.5308,2.0295,2.6756,1.9502,2.5279,-2.667,0.74089,-1.2539,0.80063
-1.2981,-2.1666,-0.22782,-6.6795,0.24269,1.15,-1.4617,-3.6497,0.29572,2.4933
1.5264,-6.8124,4.2586,4.2789,7.4068,-6.6735,-0.96246,-1.7874,3.0751,-3.0536
-3.1271,-4.3153,0.93326,2.5273,0.17106,-0.5598,-1.2167,-4.4494,5.068,2.3971
-0.85764,-1.8793,-2.0345,3.116,1.4078,4.4548,-0.33733,0.16172,2.2408,-1.1818
-6.2242,-1.0086,0.73594,-2.6214,-3.2007,-9.7676,3.6758,-1.9735,2.2575,-3.6147
0.90075,-0.14505,-2.4117,-6.8654,-6.4119,0.67012,0.60861,-4.2364,5.9533,-2.2409
-6.9361,-3.0823,6.508,-1.8872,2.166,4.4187,5.9742,-0.72494,-2.4949,-1.2251
-0.58019,2.7617,3.7491,1.2108,4.0466,1.146,-2.7173,-0.032833,0.36201,0.14889
9.7426,-10.173,-10.312,4.9069,-6.5477,1.0052,5.4208,8.2735,0.47933,-7.7066
1.5743,4.0335,-2.2964,-0.5642,-0.70509,-0.92526,4.7204,9.5583,1.1522,7.0687
1.7077,0.21372,7.5464,5.7043,-3.5716,-6.8967,0.70031,4.7781,-1.5842,2.591
6.6766,3.7144,-4.5908,-3.542,-8.5427,-0.61198,-1.2937,1.8843,1.514,0.68304
0.46795,0.47406,3.1273,2.5134,-1.269,-0.98789,0.94606,-2.0221,-0.84959,4.337
-5.2249,-11.223,-1.773,2.7278,2.4007,7.5331,1.2315,0.87802,7.134,-3.1093
-1.7214,-0.60477,3.3533,4.4177,0.5969,-1.1458,-6.7894,4.8367,-5.481,-1.357
1.2497,-2.2149,2.8259,3.0656,-1.447,0.38216,2.7076,-3.4533,2.8952,0.66843
3.274,-2.2705,5.4596,-4.4232,3.5963,-5.7325,-2.693,2.9274,-4.3867,-2.649
4.0461,-2.6025,-1.8394,5.2854,-6.7981,3.4297,0.63615,-5.5268,4.6427,7.2454
-6.1434,3.3568,4.7023,0.57335,-1.0945,-1.5712,2.2577,4.3575,3.1102,3.5259
-2.1904,-1.723,-1.0501,-1.3424,1.5905,4.7326,-0.072203,5.8067,3.641,-0.45998
2.0617,-6.8648,3.5389,2.5214,7.0197,-0.87063,2.0839,0.85404,-1.5705,-2.0488
-9.3829,1.867,7.0218,-0.27444,-5.9516,-8.1323,0.87787,-8.1232,5.2709,-8.3439
-1.8046,-1.6177,1.382,3.1758,3.7554,3.5237,3.6352,-1.1764,1.8104,1.7867
-8.3493,2.8304,5.5636,0.14382,-2.3586,-3.1982,6.4176,7.1429,-1.3701,3.2963
0.6353,2.2959,2.6692,3.5073,1.5252,0.084027,-1.9995,0.84628,4.727,-1.836
3.8495,-2.3145,-3.7797,0.13477,-0.77071,2.355,2.6484,1.0858,-8.9819,-1.3385
-3.8172,-1.04,-1.901,2.7848,-0.51498,-4.9647,3.4066,2.5297,1.4644,5.0074
2.4796,-1.516,-4.129,3.1424,0.031052,-1.5112,0.2618,-5.8512,1.4672,-1.1045
-3.7584,1.3211,-1.6957,-5.4051,-6.6963,-5.1193,2.5407,1.8731,-1.6123,-0.32276
-8.5286,-0.95679,1.1495,1.0075,-1.5866,3.4763,4.3195,3.7957,-1.5307,3.898
-2.1876,-1.6585,-1.9525,5.0871,-7.0991,-7.1353,-3.1836,-0.41423,-2.0508,-6.7914
-5.2376,-3.5509,8.2719,-0.97464,-4.3814,-1.9276,-2.9696,0.18207,3.6429,1.8086
2.4386,-0.694,3.8376,4.1666,4.2029,-1.909,0.11055,3.1037,-1.8826,0.47142
1.2354,-2.3925,1.3788,-2.5949,3.4348,-4.3485,-4.9778,5.5191,4.2107,9.0483
-2.3429,-1.4887,3.9689,-3.862,0.59678,-0.93475,1.7641,-2.6438,-3.0521,1.5661
3.1952,7.6153,1.3,-4.6363,-3.7449,0.79841,6.4482,1.5883,-0.1982,2.7889
6.53,1.0045,-1.1228,1.6667,-1.3775,-0.72118,-1.8918,-0.80452,-2.5624,0.88774
-4.1249,4.2901,0.00037492,1.607,-1.9725,-1.0146,-1.5668,0.36195,-8.9744,2.5549
3.1756,-1.5117,7.9283,1.6988,4.6111,3.7958,-0.17378,7.9129,1.3908,-1.3758
-4.4939,3.1001,5.9669,1.0038,2.9721,-0.96164,0.84309,0.94449,-1.3027,3.8416
0.26901,-3.779,-3.0387,-0.98914,1.152,1.0087,-3.116,-2.836,-11.518,-4.3337
5.1986,3.275,5.4219,5.2055,4.4263,2.2757,1.6806,-7.5843,1.9948,0.70808
2.3305,-5.9822,-1.1093,2.5922,-4.1309,0.33951,-3.2823,5.3468,-1.0407,-0.28272
-2.1962,3.8633,-1.4316,-4.6694,-2.7307,-4.9487,-1.5324,2.2523,-4.763,-1.4692
7.0916,-5.4669,1.5268,5.4695,8.3352,5.5708,3.9024,4.8284,5.1543,-1.4967
-2.7444,8.1075,8.0926,2.4132,9.9458,8.5606,-6.9037,-7.9015,1.4207,-0.85967
1.1121,-6.6593,-2.1487,1.6204,-2.1476,-2.2298,-0.67962,1.4742,4.9954,2.3271
-3.2083,0.24692,1.5581,0.53983,3.6909,2.3021,0.18083,3.7044,-0.79165,8.2894
2.8461,-2.6031,-1.4174,1.0211,-1.9372,10.277,2.3277,-5.7038,1.3838,-1.4142
-0.73358,4.7036,0.89367,-0.32832,-1.3106,-0.77136,0.98258,0.26334,-4.5034,2.7889
-3.036,1.1933,5.2731,-2.6539,-3.5994,-3.9578,-2.0008,-4.5892,3.2306,-2.0541
-1.5194,4.4883,4.4531,-4.1033,-4.5945,-2.9147,0.6364,-1.4468,-3.6854,-0.73111
-3.21,0.65119,-2.8486,3.314,-3.5632,-2.118,7.4161,2.5753,-0.4876,0.79221
-2.4608,5.7153,0.35305,6.2768,1.3929,-0.45979,3.6029,6.7898,-3.1912,-0.82662
-0.60446,2.9662,-6.6721,2.5135,-6.8474,4.1838,-0.68567,-4.585,4.4752,3.8975
-1.9173,3.9332,3.4795,-0.28008,5.3063,-0.95713,3.3561,-6.4005,4.5503,-8.1244
-3.5405,1.6331,-0.39596,-0.29496,3.0877,-0.22549,0.71626,-2.7208,-0.11556,0.079053
0.93117,-12.047,-0.4697,-0.11654,-5.6148,4.4229,-0.1895,7.4484,2.3001,1.0604
-5.9216,5.7793,-1.5365,3.4023,0.32726,-10.128,3.8598,0.09183,4.7638,-8.6036
1.6854,-0.31352,-2.0398,0.48891,-0.58749,0.74799,0.38358,0.56915,-3.2478,3.1776
0.42853,2.4142,1.2056,-1.1709,-3.612,0.30881,-3.2119,-1.9664,4.8055,0.22874
-1.4605,-5.6901,-0.81572,-1.5004,1.8186,-0.47401,1.4915,-1.9876,-2.7744,-0.98908
-9.9204,-2.6014,-0.17518,-4.5103,-4.4684,-7.1075,0.33764,-1.1132,0.91445,0.063546
-3.1816,-5.6671,4.4738,-4.7502,5.5606,1.9274,4.3219,-1.2224,4.4702,-1.0545
-1.4465,2.8058,-0.25333,3.313,-2.7026,-3.0401,1.7543,0.024173,2.4913,-4.3853
2.6087,3.8607,-0.14668,-1.8034,-5.3918,-1,-1.6921,2.2639,0.7395,10.321
-1.6685,-3.4939,4.9673,1.1739,4.5136,-3.367,1.9674,2.8804,-0.51337,6.8106
-0.19146,-1.3198,2.5703,-1.9768,-2.2704,4.5634,-2.3177,-3.4546,-0.55377,1.6205
4.2592,-2.0202,6.9064,-7.6618,-3.6594,3.5347,-4.2503,3.2252,-1.1898,13.91
4.6999,2.472,1.8472,5.0151,-1.1138,2.0586,-1.2987,3.5663,3.935,0.073387
-2.3277,-3.3235,4.5929,-3.6319,4.7626,-4.7931,-0.18717,2.8871,-6.0097,9.8211
-3.6755,0.11693,5.3517,3.4893,-0.15107,2.4449,-8.3846,-6.3671,-6.9267,-2.1086
-7.8704,1.3597,1.1329,0.40416,-2.1466,-3.1233,2.5319,1.7431,-3.3544,-0.22158
-3.7149,0.097887,-1.6921,3.5826,-1.329,8.3364,-1.7244,0.70502,-7.6758,0.34462
4.1366,-3.1664,3.1548,-2.351,-12.364,-5.8135,2.588,-11.61,0.39418,1.67
0.78467,3.1479,1.7783,2.6766,-4.7099,-0.52595,-0.8698,2.4757,3.2823,-1.8097
0.54483,0.53764,0.66753,-0.69617,0.29247,1.4138,-1.3753,1.2111,-0.67592,-4.5276
-3.0152,4.3575,-2.7766,-5.4098,7.4057,4.9835,-3.664,-2.4958,3.3145,1.248
-4.7596,0.89484,2.0174,3.2441,2.9307,-0.022866,1.152,0.59338,-0.92334,-3.2079
2.4109,-0.361,0.39318,8.5187,3.8423,-3.8973,-7.6055,-0.051094,2.2491,1.3485
-4.0403,1.407,7.2112,-4.142,-2.6875,-2.7422,-4.584,4.0118,6.125,3.1656
3.3251,2.7298,1.4678,0.63843,2.2933,5.3235,0.07014,2.976,6.9844,2.3551
8.1935,4.9901,0.58493,1.3505,-2.3843,-0.21006,-1.0786,3.0451,7.0863,-3.623
3.9315,1.5273,3.5371,-1.3439,-2.695,-2.7206,6.4621,4.0554,3.0861,4.9807
2.5875,-1.6499,-1.8944,1.9822,-1.2099,7.2526,2.5442,-3.8755,-5.9908,-0.067048
1.0831,-3.9901,-7.4258,-2.7333,-0.84702,-1.9809,-1.0397,3.0429,-1.47,-4.2411
-0.75426,1.8955,5.7689,-0.61392,2.4957,-2.8373,0.58611,-3.1248,0.1171,-5.5241
-4.611,-0.87516,4.28,-2.1954,-2.3358,2.1047,-3.4546,2.7391,-4.3576,-0.64281
5.7903,3.7265,-1.9723,7.4205,0.080985,5.6959,3.7612,3.5652,-12.187,-0.66417
0.46326,-3.5897,0.037326,0.1312,-0.29611,-2.1171,1.713,4.1001,1.405,3.9222
8.0161,3.4814,1.5865,-8.5455,-6.7168,8.4466,-1.4316,-4.9446,-2.4031,4.6944
-1.0558,1.7357,2.8091,-1.6028,-1.7886,-4.2088,-0.21845,3.0697,0.22876,-1.8911
10.366,13.339,0.79043,-1.0056,3.6214,3.0416,-1.7854,-1.9428,5.0031,-4.2441
5.5771,-0.89843,3.7589,5.0542,2.8878,5.7984,4.1114,2.9445,-5.3596,-1.5552
-6.087,-2.4151,-4.2277,-2.7691,9.0714,3.8942,-0.36827,-3.8674,-9.6459,0.87804
0.75975,10.611,-2.1126,7.0024,-9.1282,-2.6573,-4.7509,0.29945,-5.6922,2.6923
5.244,0.6634,4.3621,8.0662,-6.7781,3.0132,-1.7166,-8.7759,-5.5853,5.6336
-3.1044,1.01,0.70264,0.77471,-1.8036,-2.4038,3.6019,1.0066,-7.2255,2.8424
-5.4117,-4.9407,7.0368,9.5668,-4.1454,13.785,2.1576,-8.9355,-0.19234,-12.224
5.4662,-3.5633,4.1185,-17.404,5.7355,4.339,-0.57495,-10.193,-2.552,-1.2292
-4.3128,-4.2236,3.9544,-0.79891,4.1584,0.98503,-2.019,-4.9574,-3.8992,-0.66294
-6.6733,-4.4738,-1.8811,1.8074,-1.3956,0.47181,-1.4723,-0.51914,8.561,-2.0697
0.7926,1.4088,1.8111,3.6741,1.0294,5.9847,0.18174,0.37927,3.0846,4.188
2.0085,0.020104,-4.5272,-3.3922,-2.0559,-4.1275,-5.8423,-1.0996,1.6295,-2.8767
0.13192,2.9216,0.34984,-4.3123,-4.1732,6.2576,-1.8012,2.2794,0.5769,3.9568
0.41645,16.39,3.0513,1.54,-1.6511,-7.444,-11.074,10.02,7.9818,-4.2089
8.4619,-3.6031,-7.2405,-0.61142,1.4979,6.2178,-8.6807,3.0737,0.38784,-0.06932
2.5304,-2.4777,-2.2352,3.1043,-4.4022,-2.8597,-1.349,3.3504,-0.5611,1.4402
-7.4405,-0.82792,-9.3362,7.6978,-0.19358,1.8901,-5.499,-0.56998,-4.6336,1.7914
-1.6464,-3.2075,-0.30135,5.2542,-3.747,-3.5171,-3.8301,-9.1389,-0.1612,-0.0073123
-0.1278,-4.7397,-2.6494,-1.5702,0.99268,0.44364,-3.5846,1.0225,-0.95603,0.32989
-1.4829,1.0001,-1.6147,-4.3235,0.82308,-4.6847,-3.6274,3.344,-3.4221,0.36349
-0.602,4.5443,4.8761,3.5141,-3.9837,-6.864,-5.9554,1.0153,-1.2202,-3.1937
3.3345,0.6427,3.1552,1.5153,-10.137,-1.068,3.5219,-2.8611,0.44481,-8.5069
7.0998,0.49421,-1.7537,1.8724,-1.0982,3.0597,3.2941,-5.0668,-8.6673,-1.5699
5.3896,-2.4147,-2.1886,-5.2571,-2.7253,-1.1861,2.3929,-1.0549,0.61729,-7.1247
6.794,8.182,9.4503,-3.6952,4.942,-2.3801,0.88931,-5.6834,1.7006,-5.0557
-3.9923,-1.2257,4.8342,1.3073,3.0029,-3.5898,-2.7318,0.30129,1.0353,-3.2483
4.3275,-4.3659,9.6003,6.1368,-0.30837,3.3059,0.45383,-3.6011,-0.80116,-1.6845
-1.7014,-0.32121,-3.7901,1.184,1.0117,4.5273,-3.8708,-3.4695,-9.4331,-0.48542
1.5173,1.9929,3.4692,-0.71031,-1.1822,9.1981,-0.042224,-0.87942,2.903,-4.1937
-12.382,-1.6028,5.8821,7.402,-3.7126,-5.4811,-3.0679,2.6846,0.84918,-6.3385
2.3848,-0.35166,-0.26116,2.1932,0.57799,-1.6813,-2.6343,0.43483,-1.562,5.5797
0.0045324,-1.79,0.58115,5.393,6.329,-0.88609,1.4836,2.8678,1.8569,-1.7199
-5.515,-4.6121,-2.6998,5.4258,-6.2335,-4.2233,0.13724,-3.3707,-4.8362,0.97004
-3.1444,3.8126,0.47898,-3.7532,-3.4556,-2.9299,0.29482,3.3871,-8.5375,4.1423
4.9718,0.62018,-2.4934,0.0094527,1.1948,6.3688,-3.4304,-1.8623,0.40934,-0.29215
-5.7144,2.1888,0.063837,6.318,-5.49,-0.72231,5.871,6.8092,0.2466,1.7108
3.2004,-2.7542,-2.2928,1.5838,0.67495,4.3905,0.98777,0.21882,5.0772,0.67699
-4.3408,3.7135,-0.022212,8.3639,3.4286,-0.4807,-3.7308,1.8047,0.67428,0.36422
-8.8343,2.6359,-1.3287,-8.7581,3.6576,-1.5255,-0.20359,1.4524,5.5677,3.6703
-2.4418,-0.90474,2.002,-9.0663,4.9007,-1.5658,3.4163,-1.5122,-3.9488,-9.4394
-1.0468,1.1988,2.5827,-2.317,-0.77801,2.5149,1.0293,4.5622,1.3285,1.1745
-2.8699,-0.65477,-0.59247,-7.01,-4.2404,-3.2144,3.1006,-0.77084,2.5345,1.5336
9.549,3.5395,8.5315,-2.4976,-4.498,-0.65976,-3.768,-6.7933,-3.0863,3.1087
8.1009,3.6152,-9.2995,2.6286,5.8113,8.9788,-4.9217,-5.3732,9.9274,-0.99818
6.2681,-2.3279,1.7768,0.28343,7.7658,-10.415,-1.8114,4.109,-3.5178,-0.062004
5.4308,-0.54786,-3.2631,-6.0831,-2.9971,3.2199,-3.8953,-2.0198,1.3208,-6.3548
5.4738,2.6977,6.0129,1.9508,0.22204,2.8565,1.6141,0.38288,0.36085,-4.2801
8.1952,0.1575,1.679,-2.2956,-2.2066,-6.35,2.3223,3.2274,6.0076,1.9472
5.4515,1.2806,-3.6976,-1.675,-2.5289,-6.6331,3.4642,-3.2136,-6.2937,0.73431
2.3243,7.7835,-1.3843,-4.2604,-2.4635,-3.9876,5.5764,5.3837,4.0859,0.97941
0.83715,0.35697,-0.78457,-3.4939,5.4414,3.4854,0.57888,-0.33557,1.177,-2.4655
-4.8233,-3.3101,5.7322,0.75061,-0.14755,-2.7567,1.5163,-1.4643,-0.58267,-0.14301
0.039134,-0.073038,1.873,-0.50927,-1.4778,-3.5035,0.94366,-3.7084,-1.2146,3.4801
0.4112,4.7096,5.5261,-0.44985,0.32987,2.6547,-3.5976,-2.9853,3.4339,-0.48075
0.38985,-9.1802,-0.77053,7.9037,-2.8284,-1.6916,3.1982,-1.8261,3.5618,-1.6858
3.7814,-3.6215,-1.3637,10.034,7.5672,-7.8564,-4.1432,-1.3109,-2.5992,-2.6867
-5.1334,-1.2352,-4.3435,-3.2662,3.0526,6.8588,-6.0425,7.1314,0.91237,3.7018
1.1365,-1.2721,-4.4488,0.072971,-2.0921,-3.0492,-4.6717,5.4139,-6.8401,-3.4331
-3.4697,0.94612,-4.3929,0.32639,-0.030109,-4.3121,-0.59711,9.6346,-3.0835,-2.0138
-4.2765,0.78817,1.9086,-2.3896,-3.4049,4.3503,2.9847,2.2685,1.6956,-1.7554
3.9955,-2.7691,0.30167,2.8808,-3.8591,-1.1498,0.77004,1.4053,0.73127,-0.65937
-0.7422,-1.5633,0.56527,4.8242,-0.040135,-0.2485,-2.8008,-4.7488,-0.79351,3.0586
-4.7583,2.5734,-1.6557,3.0099,7.402,-1.7725,-6.4335,-2.5604,6.2639,-3.7571
-3.962,-1.0144,0.33537,1.0084,-2.1341,3.9642,-3.598,-1.742,-2.3036,2.239
-8.8372,-1.0718,3.8597,2.7079,0.91025,-1.0161,4.1971,3.0386,-0.50858,1.729
-0.083192,7.5128,6.6264,9.7697,-1.7536,-0.092265,-2.8599,-3.0904,-6.0389,-4.8912
5.8906,3.8778,1.5278,1.9959,1.2023,3.6507,0.36102,-0.71107,8.4332,-1.927
13.972,-0.55536,1.3353,3.8702,7.0325,3.1864,13.582,10.51,-0.54205,5.6094
-2.453,3.6284,-5.3255,-1.5456,3.0185,-2.3718,0.36738,0.077658,-3.8924,5.4717
9.5198,-4.8927,4.862,8.0182,6.4676,15.488,-2.0201,3.2536,4.6285,-6.42
-3.9246,-0.70679,7.5827,-3.0229,1.3559,-7.9967,-3.0492,-3.0948,-5.9201,4.2689
4.073,2.9487,4.074,2.231,2.1045,4.5255,-0.27332,-0.59626,0.86341,2.7885
3.0727,12.881,5.4591,-13.413,6.1493,-6.3271,0.38427,-7.6977,-2.5059,-6.547
2.5882,6.4092,2.0261,-7.3368,0.076392,-2.1121,-0.96211,0.47347,5.0424,-1.8323
6.0089,-3.5275,3.1101,1.6657,-5.2191,-0.68438,-4.2888,-7.1692,-2.0842,-2.7268
1.7649,3.651,-1.4725,-2.0382,-0.0028532,-3.4488,-6.6813,0.54106,0.053486,1.3945
2.4371,-7.984,1.5047,2.46,3.1261,0.89881,-4.1641,1.4825,4.5571,-4.8324
1.4657,-2.0908,7.8056,-3.2013,-2.5134,-3.4832,-0.038019,-4.5173,5.508,3.6773
-1.3128,0.5303,-0.021001,0.79096,-5.2088,2.4797,-3.2659,3.673,1.5482,0.79287
3.3718,7.1932,-0.27489,-3.2345,-5.2002,1.7466,-3.3519,0.77327,6.3467,2.56
-0.50121,5.8253,1.9769,1.2549,1.1099,-2.2696,5.2047,-1.0747,1.1947,7.006
2.984,0.33056,0.24115,-0.37092,1.9847,5.1123,0.60196,-1.9598,4.8896,-3.7899
-2.7512,-0.94543,6.0144,4.5906,0.6712,2.5404,-1.4097,3.3998,1.1722,-2.057
-0.36344,-6.9047,0.017982,-5.5157,3.4929,2.4409,5.4852,-2.3836,-5.872,0.3768
-2.066,2.4752,1.0363,-0.9074,-3.3356,-0.71849,-3.5897,4.4094,13.015,-1.4247
-6.6997,3.4196,-0.64968,7.0741,1.0531,-7.706,5.5978,-0.23658,-3.1166,3.2619
-2.0359,-4.3444,-9.2763,-6.4105,-0.57083,-1.6531,-3.0513,4.75,-0.70966,0.66053
3.5209,0.1791,1.2298,0.74255,3.8464,3.7533,-2.2079,3.518,2.3524,-3.0158
-1.7184,6.932,-3.3176,2.3411,-2.1959,2.3296,0.79018,1.6601,3.0308,-6.1992
2.1355,-3.2087,0.12786,5.0556,-1.2593,0.81028,1.2898,-1.7479,1.8071,-2.3186
6.0918,-3.9622,2.7239,-9.4938,4.9332,-4.0473,4.3967,0.24676,-1.4651,7.123
0.42701,3.9513,-4.9397,-3.3388,2.7698,-0.76478,10.366,1.3756,-10.595,3.8863
0.64034,-4.4504,-0.301,3.548,3.2911,-0.61687,-1.9448,7.6563,-3.9578,-5.0054
-4.1126,-0.60478,-2.3883,-1.3772,-6.0753,1.6404,-2.3563,-0.80696,2.7072,0.41021
-8.1956,-2.4895,2.0141,2.1606,1.3486,-2.063,-0.8495,1.1387,-0.28669,2.9598
-4.6039,-8.2162,-6.0459,4.6287,-4.7794,-6.7432,-0.96875,5.7037,-2.9471,-1.4402
-2.543,-4.4281,-0.73116,0.10418,-5.1062,2.5624,-5.9896,11.271,6.8559,0.87734
2.3602,-3.4607,-1.1127,-0.55642,-1.6204,-4.4993,-4.0434,1.3267,-3.2511,-1.3758
3.7732,0.053678,-0.34609,-7.0232,1.6411,1.9119,2.7887,-2.2552,-1.6682,3.1867
2.7869,11.563,-4.4274,-7.9268,-5.0198,-4.7025,-7.0481,-15.924,-8.7176,1.4735
-8.8658,-0.91489,3.5668,4.6441,1.9142,-1.8201,-13.905,-1.6183,7.7822,-6.0376
3.8972,-4.7705,0.34105,-3.1442,-1.505,3.307,-2.235,0.3547,-1.8673,6.1317
1.2241,3.0887,3.5675,-2.7267,-1.3254,-4.0549,1.551,-0.90792,-2.0721,-2.9109
3.3539,-0.2641,3.8395,5.7589,2.5538,-10.609,-0.67953,-3.4441,-3.0748,2.1506
8.953,0.55914,-1.4919,1.1618,4.3718,-11.557,-5.6717,-0.68254,0.97038,-1.5291
-6.63,0.97876,4.4527,4.8626,-0.058419,-7.0367,1.2323,-0.87289,0.99345,-6.6638
-0.099325,0.012174,-5.0372,-4.4485,-1.9304,-5.5162,3.2839,-1.3928,2.0406,-2.2975
0.95424,0.37841,0.58138,-2.6262,-2.7285,1.0381,-9.1693,-0.6707,2.437,2.766
-4.6092,-2.2573,0.0851,1.5741,7.3675,6.6793,6.1309,-1.7029,-4.0109,5.7528
4.379,-2.6689,3.1789,1.4214,-2.3708,1.1583,4.821,-0.19123,-0.31687,-3.2889
0.47288,-1.4499,-2.2181,3.4538,-1.3383,3.2742,2.9899,-0.24251,-1.0221,-0.31588
1.7501,5.8848,-1.9673,0.36606,2.9473,-2.6196,-2.6174,-4.3212,-5.0443,3.1521
4.2316,4.3645,-3.5389,-7.0424,6.0156,6.1262,7.4692,-3.3165,8.0517,-0.14335
-0.99189,-1.3305,-1.1902,-4.0346,1.7146,-3.5068,-4.025,-0.59999,-4.6839,5.0382
0.56518,-2.6274,3.9826,-4.3068,-0.56238,2.7893,3.9293,-1.1732,-5.4684,7.0491
-3.7221,-1.1448,-3.6434,-0.4693,-2.1884,5.5612,6.3197,1.3865,1.047,2.5084
-8.7031,0.22746,5.4917,1.7228,0.87013,0.22481,-4.881,-1.9147,-7.4004,1.3183
-2.032,-0.19661,3.8247,-5.0745,5.3219,-0.89494,3.2011,-0.8305,-3.0265,-4.392
-6.1986,5.6839,3.1032,4.4236,1.5318,-3.1087,-3.4215,5.1946,-4.2463,0.39185
-0.66111,-3.2111,-3.3532,-0.37719,0.36011,-1.4673,2.7691,1.8568,-2.6388,7.2129
2.1272,-1.7056,0.87632,-2.1709,-0.67539,0.42582,1.293,0.23019,1.235,-8.014
-0.52777,-1.8066,3.6221,-7.4635,-4.2849,-1.1314,-2.6868,-3.914,1.9315,-2.1394
8.2465,1.1497,3.6829,-2.1892,3.7702,1.6267,3.4882,-2.8947,-1.7765,-0.92017
-1.717,-2.001,1.3344,5.803,-5.8826,-1.1553,-7.3312,-1.2687,-5.3764,2.3395
5.5539,-2.4163,-5.5882,-6.235,2.3777,5.3574,2.7775,16.761,-4.5093,-4.8208
-3.7601,7.7884,-3.1892,-6.059,-4.5789,1.3668,3.2286,-6.6604,2.0336,-4.9926
-0.87725,3.9013,3.9418,-5.9736,2.4854,0.087215,-6.682,2.1744,1.6332,-3.3069
-4.121,-2.1411,-3.6225,-0.73428,-3.725,-2.7163,-3.8767,4.2668,1.0932,-1.351
-3.2805,-5.0919,7.1302,6.9493,1.8536,-3.8957,2.049,-5.3642,-0.43093,-3.6545
-3.2213,4.1217,-5.9453,3.9508,-1.9314,1.7868,0.93376,-5.3779,7.8844,-10.313
0.63977,-1.0617,-2.9535,-0.43357,-8.219,0.61163,-2.0425,-4.4834,-1.6062,-3.1579
7.2903,0.14931,-3.5675,1.073,-0.26563,1.0422,-4.3667,-3.9252,-1.8133,-5.5941
6.4819,1.725,0.29335,-0.076047,4.7013,2.3034,-0.69012,1.3806,1.0828,4.4815
5.6862,3.2605,-1.8024,2.7188,-2.33,-0.19832,8.5265,-4.9365,-8.8901,0.46834
0.98832,3.6631,2.027,-2.5578,-1.9402,-0.9854,1.6001,-8.0338,-0.57885,-0.71911
3.4753,-3.9967,3.7749,0.0077586,4.7218,-5.205,-4.732,-0.84782,-1.0539,6.1605
-2.4269,-2.9809,-2.0053,1.7035,2.4138,-2.4631,1.4769,-1.1914,0.53627,2.2174
0.35613,-0.22584,1.1969,-7.8297,1.7719,-1.8964,-6.0883,-5.4722,8.0674,-0.037556
6.6184,-1.1304,-2.3228,1.6422,-7.562,-0.63153,1.0692,-2.9639,-0.47392,6.1226
2.9077,2.6341,-0.75885,1.4477,-5.7771,-5.9738,-4.6396,-9.19,-0.7011,-3.5371
4.9782,-0.21568,0.86524,1.6611,-1.0345,0.41879,1.9611,-2.1038,-0.40281,-3.8677
5.3126,-4.0634,3.9019,-6.4615,-1.1812,-0.59335,-3.9076,-5.1416,5.491,6.8544
-0.098992,0.239,-5.7532,-5.7957,-4.4812,2.6534,-0.20154,-5.2428,-0.17355,1.4402
-1.0233,2.8094,0.21215,0.12784,-5.7172,0.56437,0.85714,0.3469,1.065,2.7908
-10.897,0.74253,3.9872,6.1121,-0.66284,10.058,-1.1326,10.434,6.5307,-5.1947
11.3,-7.502,0.23396,5.9239,2.7062,-1.5124,-2.4249,3.1968,-0.68584,2.8765
4.7275,0.28196,0.94451,0.7203,-7.7005,-1.1392,1.6501,2.2418,5.1505,2.8068
-1.6364,0.96098,0.52254,1.695,2.7858,-1.0193,0.11359,1.3864,-1.5141,-3.78
1.0484,3.7387,4.9973,4.2787,-4.3621,0.40178,-4.2652,-1.9802,-0.88543,-0.49251
1.8392,2.9212,-1.8037,5.4646,3.3792,-1.7791,-5.3988,-2.2616,0.43922,-2.47
8.3603,1.2537,1.1156,1.8147,-4.4639,0.9501,-7.9958,4.6573,3.2307,-0.69493
0.4912,-0.47899,0.27299,-4.8905,1.9767,-4.3693,-2.7938,4.4825,3.9816,-5.1433
1.6225,0.77414,0.71234,2.4719,-0.57103,2.9385,-1.5427,-9.0293,2.8511,0.40428
-1.9061,2.4025,3.4039,9.6218,-7.5246,-1.9945,-1.7523,7.9814,5.8004,-4.593
11.211,2.9371,-6.8757,2.3931,6.9986,-0.96385,3.1398,-1.843,7.032,-5.3881
3.3248,-7.5601,-6.0139,2.3806,-0.3319,-1.102,1.2426,3.1303,2.6143,2.4701
-3.1912,-1.7974,5.0453,-3.2418,-7.5459,-8.3203,-1.1599,-3.7123,-0.39811,-7.9797
0.8147,-0.32407,-8.0007,3.0011,-0.29414,1.3177,5.3675,0.73799,-8.2034,3.2682
1.5855,6.3115,-5.5927,-5.4066,-1.518,-2.3932,-1.2522,-3.2445,2.2677,0.84439
0.64467,-4.2692,-3.9509,0.82398,-1.5881,1.4367,-3.4658,4.9111,-7.1652,2.1548
4.0667,-2.8986,-0.76617,-2.0702,1.5392,-0.70949,-0.37275,1.7755,-3.4719,-1.1006
-2.7802,1.5755,5.4505,3.0801,-0.45497,6.2332,-0.62069,-6.9645,5.5134,-2.1485
3.1604,-3.3798,-3.6729,-7.5636,-7.845,-1.4635,-5.6865,-0.17883,-3.1725,-0.72504
-10.205,-3.7102,-1.0331,1.6159,0.082001,5.1019,2.5324,3.4444,-3.3798,-0.57986
-2.2125,0.78112,-5.2722,-2.1918,3.8256,-3.7738,-2.2264,-5.7507,-5.7336,5.6964
-1.7795,0.1829,5.6354,2.6961,-2.7011,-4.8448,-3.4217,1.9111,6.1688,-2.3696
-3.1731,-0.74037,0.39324,0.73781,-1.5695,-2.7605,-0.082005,-0.017996,0.64537,-0.62524
-4.757,-0.37757,-3.4477,-5.9804,2.6271,0.68113,3.6198,-3.6174,3.3962,-4.1013
-1.6217,-0.63431,-3.1402,1.1028,-3.4021,1.7579,1.7733,-2.1537,-1.8559,1.3534
-3.8385,1.4263,2.4914,-1.4297,4.4145,4.7716,5.7667,5.0352,-6.5019,0.36617
0.18504,2.5073,-1.946,-0.88599,1.7319,1.9053,-1.1815,-3.9075,-8.1441,-0.16006
4.1356,2.3896,-4.3081,-2.5638,-8.5883,1.9196,-2.4706,0.17706,-0.41554,1.7871
-0.51947,1.353,4.3908,-4.7057,5.5844,-0.85172,-5.3343,3.7948,-4.6247,-3.2052
-0.073494,-1.9649,-4.8437,-3.8046,6.0747,-0.078075,7.8903,0.91386,0.88494,-2.9499
-2.519,2.7606,1.9557,-8.6638,-11.583,-5.7112,0.61727,4.0135,-2.1543,5.742
-2.0745,5.4775,2.3811,-5.5868,-4.3189,-5.2749,2.896,-7.0923,3.8598,3.8715
-1.9233,1.2315,7.3923,0.013438,-1.5561,-2.6571,-1.2856,2.7058,-3.1513,1.3643
-1.217,-1.5324,1.4453,-0.67093,-2.4607,7.845,3.9745,-4.4122,-3.3707,1.3291
3.7804,1.3687,-8.4413,-2.457,9.1298,-2.1306,12.476,-0.61928,-12.882,-2.1704
-3.7083,-1.6349,0.33618,-4.1347,-2.8042,8.004,1.5049,-3.5948,-1.0135,3.3512
3.7373,6.8558,-4.504,8.0836,-2.4364,6.0688,6.7333,9.874,-3.6449,-0.59042
0.87153,6.9277,5.9871,8.1935,1.4742,-0.43546,0.96007,1.4556,-1.218,-3.4531
-4.2943,-4.698,-1.9644,-1.527,4.893,-0.95489,-0.017688,4.4593,2.2311,-1.3075
0.33525,6.6238,0.069121,-2.488,1.2824,1.2503,1.4507,2.7111,5.2142,-1.7829
1.4778,5.0808,-3.6911,-0.69752,0.29416,0.35499,-0.39006,-3.8696,-0.76085,3.2944
1.1434,-3.464,-1.7264,-6.3788,3.5192,-0.063084,-0.11656,4.6587,0.34109,-1.8273
-4.7906,-0.14785,5.618,2.2117,6.8268,-1.9485,0.56962,-5.4836,-1.2471,-0.12133
-5.7271,-1.3591,7.0255,-1.9048,-0.76653,-1.9555,5.2638,-2.982,1.9339,-2.552
1.486,-3.8327,4.4368,-1.6882,0.44671,6.9378,1.505,2.3648,5.4335,0.37524
0.048512,2.5944,-4.6892,3.0863,-2.7993,-4.6522,-4.5826,-2.2045,-1.4564,0.078038
5.0489,-0.30195,-2.6717,5.0707,-4.7801,-4.44,0.19311,-7.2268,-5.0252,-8.564
2.2562,-4.4188,1.2179,1.8042,1.5207,-2.3128,-4.1382,3.4769,1.9007,-2.6687
-4.4754,0.17559,2.1531,-0.47002,2.0432,3.2491,-0.51591,-2.1963,-2.4869,0.43185
4.5385,-2.9326,-1.0977,2.6064,-5.6058,0.74803,1.1989,-3.061,1.7427,2.5931
1.0558,-2.2743,3.0036,4.047,-1.1403,-1.0301,-4.2368,1.1275,-3.2091,-1.5714
0.55504,-4.2918,1.4632,-12.681,0.50247,4.5517,0.71952,-4.7103,4.0319,-1.6036
1.287,-0.73251,-1.9349,2.0912,-1.4092,-0.010724,2.8276,-0.41611,-0.39701,0.91864
1.9808,4.511,1.2502,0.75099,2.1545,-6.3943,-8.7274,-2.3055,9.1334,1.471
2.6544,3.4245,3.3356,-1.1687,2.8724,3.0599,-1.5283,-1.7592,6.4024,-1.1046
-9.8562,-0.72626,1.9609,-6.2732,5.4198,2.6693,-5.5794,1.9715,0.31557,1.3459
0.069864,1.111,-2.8097,-2.3272,4.8619,-0.76608,-1.8621,5.4567,-5.1319,6.2801
0.92272,-6.4583,-5.5875,9.4536,3.1761,3.0483,-1.3796,-4.0473,-6.4666,7.2532
1.4864,7.3423,2.718,6.2587,1.1413,0.1133,1.2079,1.5167,-2.538,-0.16815
7.1009,0.92368,-6.4035,0.51749,2.15,2.255,1.9667,2.5348,1.1655,4.8455
0.14107,3.9968,11.223,1.821,-5.9275,-3.8417,-2.9411,0.24006,-1.4451,-0.68441
3.4818,1.3755,-4.2715,3.6773,-2.486,5.472,4.5165,-3.2139,2.9562,-3.0518
0.94114,4.5267,0.13352,-1.7332,-5.5567,-4.9196,4.9488,-10.068,9.8962,-5.4143
-6.3059,-2.1291,-5.7605,2.9755,-0.11028,0.76388,-7.4142,1.1494,0.4588,-0.95319
3.8058,1.0433,7.8753,-5.0908,-1.7646,5.2964,-2.7204,5.8814,-1.5924,1.0409
-5.2382,0.1749,-2.1511,7.7567,2.6631,3.0393,2.5405,-8.7101,2.66,2.9734
2.4049,-1.1477,-1.2114,-3.575,-3.4439,-11.719,0.77159,-3.5746,-4.4798,2.3621
3.8124,1.4004,0.030453,8.6525,4.0509,-5.0892,-10.996,7.5236,3.8733,-5.9651
2.2792,3.9306,-3.8651,-3.3127,-5.1042,-4.0712,-0.80529,4.4323,-6.1808,-5.7003
1.401,-7.2787,1.9636,6.6866,7.1907,0.66921,-12.632,1.0995,-9.4114,3.4293
-10.634,1.407,0.30171,-1.0112,7.0839,-2.5825,0.74178,6.8385,-2.5047,-2.2376
-0.71636,-5.5296,-1.105,0.20273,0.71499,-1.4092,2.0223,0.55108,0.79443,1.0275
-2.251,0.76121,-2.9581,-1.838,-2.4548,-2.0435,-3.8496,-1.5621,6.1797,7.2327
-4.7215,2.6762,-3.4721,-1.9708,-2.3457,-0.28467,-1.5704,3.007,-0.40886,-2.5732
3.7029,4.2715,0.039621,-1.2899,0.99676,-0.56453,1.4528,-2.8433,0.13567,2.6467
-0.63066,-1.129,10.714,5.6289,-1.1723,5.8801,5.1444,0.70302,-6.0011,-4.4379
-0.50301,0.25707,-10.389,1.0283,1.1148,0.057259,1.6472,-0.37617,3.206,-6.1388
11.958,-1.3187,-7.7352,-8.1719,1.7841,-2.4775,3.6825,1.3695,1.5169,0.67731
5.2972,10.487,1.9764,5.5334,1.9193,11.068,-0.36227,10.875,-1.7129,6.0415
-1.075,6.506,-2.4504,6.0633,-1.871,3.212,0.13544,-3.4148,4.4704,1.3819
-1.4569,-4.5942,1.3778,-0.20772,0.3693,1.3884,1.6562,-0.60316,4.0465,-4.2005
-6.7002,-0.11345,-4.3915,2.2242,0.16614,-1.7211,-3.3559,6.0839,-2.0924,1.8801
5.0243,-0.7633,-0.36529,-1.2042,3.4633,-2.863,-2.1663,-1.1992,-4.6136,-5.2984
-0.39438,-0.56444,-3.3951,-1.0708,-0.50049,-2.136,0.9554,-2.3653,2.9374,-1.4682
3.0804,0.28705,-3.9974,-2.8108,-1.3355,-0.29196,0.1716,0.55142,1.7623,6.8964
-4.0714,3.7744,1.2097,-3.853,2.2035,-2.4375,-1.9513,-3.5209,5.1911,-3.4512
0.20052,1.6092,3.0933,-6.6765,-0.79651,2.5506,4.6548,9.7988,-1.404,-6.5484
-7.5651,-3.9554,-3.2926,-0.27778,6.3371,-2.6904,-8.707,7.1354,0.23456,4.1348
-0.035532,-1.3358,-1.1887,2.8295,3.3616,3.7522,-3.118,6.5343,-4.6144,6.3364
0.41068,2.9265,-1.5201,-1.4968,2.282,-0.5234,-6.8235,-2.7919,-3.1314,0.0046568
-0.028771,5.8609,-0.71602,2.8296,-6.3593,-4.0235,-2.4145,0.63883,5.5839,0.10378
-6.6572,4.9688,6.278,-2.3558,-1.1963,9.1749,-4.229,1.992,1.5875,-6.6859
12.805,-0.70959,-3.7831,-4.2759,0.69764,-4.7863,0.15254,0.3017,-0.69373,-2.7978
-1.9095,-0.28076,-2.1261,1.9293,-4.2595,2.9634,1.5021,2.7612,-5.7988,3.1659
3.1866,1.6239,0.46728,0.99626,0.82551,3.8147,5.0503,-2.0602,1.6228,0.77723
4.7654,-0.26204,-11.133,-4.0163,4.2267,9.4243,0.31936,-2.3751,-7.8022,-1.8102
-2.3188,-2.3106,-3.3951,4.5005,-3.3568,-4.6603,-10.062,1.5923,-4.4475,-1.5734
-8.1864,-0.85804,7.6168,8.9953,9.6623,1.2923,-5.2478,-4.6434,3.2376,6.6727
-3.4683,3.8917,-5.5908,0.86519,-0.27785,3.3248,-4.3238,8.4936,1.7337,0.31303
-5.9565,-3.1911,-2.4816,1.7959,0.83533,-2.7604,0.46493,-1.9493,-4.4738,0.7639
-1.0401,-0.069906,-6.34,3.0563,4.3286,-3.071,-0.797,-4.4387,6.9988,11.338
9.639,-8.1344,4.0951,-4.3007,6.9057,1.7538,4.1386,2.3328,3.3581,-6.0247
-8.4426,5.6723,-4.5729,3.5635,-1.2734,4.3664,0.66917,-1.7052,-5.8422,4.5685
4.3137,1.39,-0.60592,2.6104,3.0468,-0.50386,-3.1532,-2.1193,-0.42807,0.8851
-0.23846,-2.4003,-2.8865,-2.9866,4.1153,-0.29604,-3.405,-3.3745,-0.79939,0.019259
1.7527,-1.125,-6.4065,-1.3956,-5.4346,6.0904,-7.1712,0.28876,-0.62766,2.318
5.1778,3.4974,1.6966,2.0532,0.1231,3.8816,-6.2358,7.3295,2.8967,1.4514
-3.4366,-2.6506,-0.010138,0.76574,0.65269,-0.056824,-2.933,-2.9117,1.1381,0.94514
0.7357,-6.6375,3.0351,-1.1734,3.0697,0.037977,3.7582,3.0304,4.3844,1.3356
0.87325,-2.0032,0.99321,-4.3638,2.1167,-0.82467,-3.3166,-3.3214,3.5899,0.6639
4.9226,0.44664,0.25564,2.8628,-4.0793,-4.9734,-0.080586,-0.94081,-6.6836,-0.1026
-6.2261,2.8667,1.7464,0.76886,-9.5715,-8.7344,0.90227,-0.76884,-17.785,-4.6114
-5.1338,-1.0119,-1.6039,-6.4172,-2.5253,6.9831,-0.23385,-4.2999,0.27099,1.1154
-2.0202,5.576,-1.5521,4.4036,-2.7207,4.103,1.3557,2.1928,3.7409,3.1112
4.4481,1.1851,-0.88884,5.1134,1.7936,1.1534,-0.90993,-4.8126,0.98675,4.1532
-4.4137,-3.5555,-3.076,6.4494,-2.2617,5.3434,-6.2331,1.1649,-3.0967,4.2967
-2.5272,-4.5822,-6.8195,-4.4658,6.9114,-4.5514,-3.429,-1.84,3.8117,3.4743
-6.6537,1.2546,1.9389,-8.1261,1.5157,2.4702,-1.7308,3.9278,5.2344,-1.0211
2.921,9.6108,1.0617,0.80226,1.1274,-2.8469,-2.4606,2.7845,-1.621,1.3745
-1.3516,15.728,3.8083,8.238,-8.8898,1.6481,7.1595,12.195,-0.71753,2.9941
-1.1172,1.4411,0.15976,2.4968,-4.4235,0.51373,-2.1532,-0.23097,1.0353,1.745
0.53413,-0.23762,4.0186,-3.1399,-0.52959,2.6578,0.36422,-0.0087033,-0.5368,1.4195
4.8787,0.36393,-3.9865,-4.0745,1.4965,1.5278,-5.3065,-5.0537,4.8659,-0.2325
-6.2793,0.89986,2.6597,4.2478,0.79558,-0.31341,1.6101,-9.9661,-6.0545,-1.4744
-1.8493,-4.8816,-5.0345,1.6102,-5.6708,-5.9922,-0.016429,-7.3494,-0.28891,-0.91405
-0.83057,-6.4506,-4.1011,5.5496,-2.9687,-11.899,-3.1015,8.8925,4.4896,-2.8097
1.9206,10.297,-5.776,1.4126,2.2527,2.6789,-0.41752,1.0277,2.7374,-1.2136
-3.331,-2.2286,-3.9895,3.6975,5.84,-1.5707,-12.099,1.7077,4.5545,-2.8492
0.70309,-3.5392,-6.7632,0.85995,0.82457,2.4185,-4.4994,8.0991,5.456,2.681
6.4226,1.1802,2.1684,-2.0172,-0.84423,-5.1581,-14.354,-4.6266,-1.6651,-1.1012
5.3495,5.0383,-3.7638,-4.0361,2.3654,2.5757,-2.9489,0.70832,3.1055,-4.5574
6.6781,-11.644,-1.3333,2.232,-0.5582,-2.1716,5.0913,0.17701,-4.9509,8.1107
0.61695,5.2117,2.8442,-1.2125,-3.9313,2.6037,-1.2907,-0.98447,0.38766,1.8281
0.87096,-0.56284,1.6378,-0.96247,-0.1123,7.608,-3.3977,-1.081,1.318,-2.6488
1.2544,2.939,0.81837,-0.6456,5.0267,3.2672,-4.9992,-2.6407,-1.722,7.4876
1.2121,4.0345,1.3007,-5.3235,-2.7538,-6.3978,0.52362,-2.0047,-3.1217,-3.8781
4.7018,3.4446,-1.5791,-2.1516,-1.3333,-3.2962,-2.6558,-2.3176,1.337,-0.052118
-7.3829,3.4163,-2.9419,2.3218,-0.42862,-0.66896,-1.4673,1.8191,4.7606,2.4966
-11.165,2.1413,-0.34263,4.1705,2.9036,-0.61125,5.3128,3.4364,-3.7267,-17.76
1.198,3.4966,-7.0921,-3.4864,3.6844,0.87591,-7.3656,7.4814,4.5632,4.1977
-4.7176,4.7587,-0.58518,3.3146,-1.7363,-1.2755,-1.8141,-8.7446,-1.0649,-4.2309
-2.2577,-0.62526,-4.2931,1.834,1.0637,-0.67575,4.0177,-5.4845,5.6912,-4.0045
2.6041,-1.4713,2.2935,0.47067,-6.5643,-1.6645,-1.4991,0.7456,-0.26669,-3.652
0.30519,4.3094,5.037,-1.0361,2.4669,2.2207,-0.40924,-4.9666,8.2517,-1.2776
2.3117,4.4004,-2.8254,-9.0864,-1.1609,-1.3197,-0.78622,6.5687,1.3751,-5.2134
-1.1781,-0.75416,-1.0852,-0.048143,-4.7021,3.0476,-2.3151,0.40888,-3.2602,1.2338
7.4123,-8.3762,12.492,2.6095,1.5854,1.3276,2.2573,-1.4855,-4.7368,2.3913
-10.59,4.9688,1.3605,-7.3729,-0.50279,-3.6642,-4.8523,2.6643,-2.1658,-11.453
11.86,-2.1184,-2.2738,0.5659,3.5302,0.073966,-5.6978,-3.2029,0.079212,-1.3878
-1.6011,-1.7285,1.4166,1.057,-2.301,-7.1464,5.5096,3.4107,-1.0675,-1.6489
0.5858,6.349,1.9805,3.1915,-0.47975,7.7981,4.9872,1.1807,-2.0245,-2.5904
-1.7059,4.9391,7.9185,6.1706,-3.5874,4.3716,0.1865,-6.5999,-4.1326,7.0237
-3.8015,-1.8899,2.0316,0.57209,-0.02629,7.6504,3.3264,1.2201,3.0971,-3.2854
-7.3587,4.958,-3.9664,2.2875,-2.6711,-7.9844,1.4707,-0.5401,9.5382,5.3715
-3.5599,8.5323,-3.0653,-0.040197,-6.6523,-5.8344,0.50735,3.5712,-2.2627,1.1043
2.2652,1.0846,1.4588,-5.1104,6.7029,10.553,-3.5668,-7.9724,-8.9932,-1.6499
-3.052,-4.2786,-2.3419,-3.4606,0.90105,3.5877,-0.98102,-4.0316,-7.4321,0.96346
2.2503,-1.7073,-3.0607,5.9489,0.62967,7.8576,-1.5698,4.4076,1.4997,-0.72367
-1.1263,6.0958,2.9995,0.25679,-2.7056,-0.89798,-3.7221,6.173,-1.9544,1.5646
-6.2163,4.4137,-4.368,-2.7061,-1.7185,-3.0281,-1.2035,4.8073,1.2991,-0.79864
-3.6215,2.1154,11.529,-0.4561,-5.3331,-5.9847,-2.9666,-0.95676,-2.2988,-7.0821
-8.751,2.3786,4.073,-5.9348,-0.24184,0.73052,6.5177,2.5447,-8.3987,1.9076
-4.0839,-0.57289,2.8844,-6.7738,2.8255,-4.2667,0.65851,-3.4953,-6.7352,-4.1807
-2.3665,2.6376,2.3472,-2.1578,-0.73175,1.9466,-2.8613,6.331,-1.485,0.69149
3.1427,0.61427,5.4814,-1.2566,-1.4575,-6.7079,2.9026,3.1844,-2.9442,-4.6078
5.3019,5.2063,3.5385,1.3876,7.2165,6.895,-2.8475,7.624,2.3981,-5.2095
-1.9061,-2.898,-3.4198,-1.4656,0.16115,3.0712,3.4711,-0.66284,-3.0404,1.813
1.7194,-3.7773,-0.41472,2.7768,-1.6515,-2.4635,-0.073082,1.4869,4.0375,-0.91902
-0.31998,0.069565,3.2184,1.4011,4.1073,3.1962,5.3543,-0.89445,-3.0849,0.81712
-3.3735,-6.2528,2.7431,-3.2376,5.1195,1.0197,-5.9823,-4.4496,-0.14391,0.39058
-1.7201,0.80639,-15.572,-2.7446,1.0419,3.2057,-2.3113,-2.344,-9.9488,0.14901
-1.7291,-2.595,-0.14723,-3.5144,3.2621,-1.8803,-5.0971,-1.2151,7.9417,-5.4156
0.44165,4.1037,3.8763,-1.4348,-1.4758,1.6355,2.0416,-2.9895,2.3491,-5.5612
0.2076,-2.0563,3.3837,-5.2443,9.7605,1.9887,0.82595,-3.0057,-0.80851,-8.9485
1.7539,1.4675,3.0323,1.5188,-4.8528,-7.124,2.9184,-1.8083,-10.801,1.4644
10.792,-4.3003,-13.484,-8.8329,5.0323,-3.869,4.8513,1.062,3.1365,17.187
3.3232,-0.49362,-3.9733,3.3723,-0.93289,-1.446,1.7898,-3.3773,-5.7536,-1.4537
0.19911,-3.3213,-0.069339,-2.0441,1.7876,6.6826,-1.5362,-1.4623,6.106,0.76357
-3.454,-3.4694,-2.8612,-1.46,8.1258,2.8604,-0.0051142,0.25075,-3.2353,-4.2205
2.8479,-1.6355,-1.7192,-2.0299,1.0844,1.0832,-6.4494,-1.7751,-3.0353,-2.8777
-9.2734,-2.9456,-2.111,5.7161,0.39992,-0.7321,-0.18114,1.1797,-0.41949,2.1346
4.184,0.29541,1.2687,3.5321,-2.6299,1.7892,-0.99292,5.597,3.7677,3.8829
-1.8781,5.2836,0.18714,6.4469,3.7282,3.812,-0.6936,0.65268,-0.60541,3.9153
5.6904,5.8394,-1.856,0.20961,-5.9382,-11.098,-1.9508,0.78979,-0.072516,1.0541
-1.3195,1.9316,4.2894,2.7127,-2.9362,5.602,3.1098,-4.9242,3.2714,-7.1991
2.7281,7.0123,-5.7065,2.698,-2.4012,9.3239,-1.3109,-6.348,-1.8891,0.34847
-0.82374,-0.83341,-0.016238,2.9439,-0.80697,-6.6895,0.19631,3.9097,-0.3244,2.4793
-5.0428,-11.296,-2.881,-7.8762,2.3135,-5.1826,-3.6166,1.8461,2.7927,-0.73774
0.76799,2.0782,-0.18632,-0.34214,-7.0106,-4.9652,-4.538,-5.549,-3.233,2.1589
-0.77528,-10.888,-1.6839,-3.3402,5.3385,1.6098,-3.2816,5.2802,-4.482,1.4221
5.9726,7.6833,4.1822,-2.7608,-6.915,-5.0997,4.232,2.5161,-4.9036,-8.0059
2.1361,2.8779,1.6564,-4.3019,-6.664,0.84026,-4.9301,-0.1534,-1.8239,5.5463
4.6375,2.5468,-9.0661,-3.0851,-2.5266,-0.88333,0.32408,-7.0072,3.7989,-2.2867
-5.4049,4.9379,-2.2882,2.7502,3.0803,0.23769,-5.9838,2.7995,-6.5903,-3.2583
0.93461,-1.9325,-2.5518,2.8044,4.1195,1.8211,-5.4853,5.4542,5.1353,5.4712
2.8458,0.31488,2.9766,-0.12706,3.9053,4.0117,-0.70144,-12.59,-0.91693,4.4362
-0.77986,2.4917,4.4699,3.2227,-0.79047,2.4313,-2.5437,-1.8488,1.8953,-2.9929
-1.7317,1.9633,-2.4333,-4.1861,-1.2437,-1.4138,-2.4216,10.464,3.0928,-1.0889
-3.0495,-4.1385,-4.9735,-6.5105,-1.3016,-3.3952,7.0567,-0.34745,-3.2548,0.036778
2.0811,3.343,-0.47776,-3.7078,-2.5829,1.5749,-1.3687,3.4474,-4.6189,-5.7883
-0.79945,1.6392,7.5666,-2.9227,-0.68628,0.53204,6.3234,-4.1268,-1.7609,-2.6008
1.9768,-1.5879,0.13864,3.6684,3.0013,-3.6624,-5.1744,-0.8027,-6.83,-2.0155
-4.5597,-6.8924,8.287,-5.6365,1.6541,0.63489,1.7662,2.9959,-1.2663,3.2257
2.2442,0.48695,0.86706,-3.8843,-2.5893,-4.8851,5.8299,-2.2219,0.5915,3.3094
6.7229,5.1763,2.6571,3.611,1.3144,4.4249,-2.1528,2.6891,9.4015,-11.537
2.5434,2.3544,2.6055,0.76553,3.8106,-3.9768,1.8009,0.54009,3.5069,1.8396
-4.112,1.5587,1.3914,-0.65921,-2.4911,-5.3906,0.6765,-4.942,4.2147,0.17832
2.6773,-3.3925,4.3957,-2.4414,-1.3635,1.943,-1.2528,-1.493,-0.014509,-0.18624
-1.0504,-6.5406,1.6722,1.9843,1.4841,-3.3824,-3.6011,-2.0318,-6.4023,2.8031
-6.4451,1.4512,-3.8362,-5.9926,-0.26192,-1.9287,-1.5071,0.42874,4.9909,-1.4043
4.6573,-1.4784,-1.4328,-6.4201,-1.3313,0.47747,-1.9871,1.5213,-2.0294,3.6208
-3.1822,-3.3644,0.38706,3.5845,0.85468,-7.7041,1.8588,3.8545,-2.9171,2.8762
-0.50796,4.1211,-6.5396,-2.2723,3.6138,6.4002,0.72976,3.3361,1.3369,-12.407
8.682,-6.7347,0.99002,0.16698,1.203,0.33966,1.5214,-2.2871,-2.5491,-2.2676
5.2352,-2.6644,7.1242,-0.52001,-1.6723,2.6472,-6.2119,2.2544,7.4197,0.21656
0.64214,3.1295,0.13003,-8.8434,5.8669,7.4784,11.984,-5.3243,-6.8159,0.36543
-5.1183,-1.699,1.5291,-3.3502,-1.1057,4.4819,-2.4488,3.5651,4.1461,3.0631
8.1991,-7.02,5.2232,2.4868,2.9595,10.932,2.3445,-1.2424,-1.412,1.4786
3.8426,-7.8669,-0.43101,-1.5891,4.6075,3.8969,-0.71551,-2.6225,0.30945,0.55602
2.986,-0.71719,0.25604,-6.6132,0.80991,-1.7221,1.8116,-0.94606,-7.4917,4.8228
2.1454,-3.1115,-6.5908,-8.7735,6.6653,4.7153,8.2551,4.6524,-7.1579,2.9092
0.16304,-5.8141,1.5329,4.9967,-7.804,-4.1122,3.5938,-2.1001,-6.4553,0.080829
-3.0711,-5.7959,2.4172,3.7822,-0.89923,-2.2256,-5.108,-5.28,-1.8711,-2.8297
-5.3511,-2.9038,1.6535,5.3206,-12.616,5.6861,-2.6776,4.8727,4.7665,0.19669
2.8779,-5.4951,9.4254,5.2114,3.6317,-18.773,-2.9849,2.179,-8.0313,-4.1596
2.2916,-0.64616,-0.85268,-0.94329,-1.4867,0.27746,-2.1709,-0.77987,-0.67622,-0.79058
-0.60988,-0.67708,-0.17335,-1.3024,-7.5242,1.8118,-6.2258,1.342,0.82625,-0.64611
-3.0872,4.2478,-2.9015,-0.61627,-0.59841,-10.891,-0.41833,-1.0963,-6.293,-6.5666
2.6128,-5.4491,-12.352,-4.4841,7.1133,1.869,-3.5323,-8.6967,-2.6911,15.653
-7.2719,3.3833,2.6708,6.691,0.67102,5.881,-2.0225,-0.41904,2.6068,1.5092
-1.4448,2.8327,1.95,-5.6528,1.233,0.36999,-0.18149,-1.4657,5.8339,5.1226
-1.6209,-6.1839,-1.2548,-1.2588,5.1218,1.9958,-0.85515,0.33113,-5.5627,1.6895
1.8729,10.682,-10.654,2.0095,2.8719,-1.2027,0.26963,2.6612,-0.78557,-2.3186
-8.3623,7.8005,-2.9124,4.2384,4.8859,5.4046,-3.1937,-1.5888,2.8721,3.5603
-5.7679,3.1446,-3.1533,2.2919,-3.1447,1.6755,0.27405,-4.6222,2.0305,-0.57214
-0.064848,2.9032,-2.1374,1.1498,2.2582,2.7199,1.5959,-8.6206,-5.2461,3.6328
-9.3743,4.6057,4.2586,8.2684,-5.751,-2.6499,2.8674,-1.0687,-1.4069,-1.1023
1.3466,1.3876,4.0011,-0.47198,-1.6865,0.86639,-4.6259,5.3125,-9.3287,-4.4877
6.0495,5.2783,-4.8808,-5.9291,-2.1905,7.2464,-1.0391,-2.0161,-3.1497,-4.9339
-0.47201,-2.5924,-3.1427,10.363,0.64572,-3.0902,-8.741,0.36426,0.71359,9.5597
-4.3402,-0.16457,4.4408,0.65805,-8.5861,-3.8766,-0.38572,-1.6705,0.93568,-0.45703
-6.5667,-6.1082,-3.5646,4.6755,3.4336,1.8062,0.69132,-3.4275,-2.5666,-1.1369
0.45593,-2.546,-3.0291,1.6748,-0.12967,-4.0153,5.0858,-0.51081,5.6351,-2.0035
3.0189,3.8011,0.2697,1.1757,-2.6045,3.4336,5.3682,1.0075,-3.0397,-3.4012
-3.0775,3.1487,1.9063,1.6304,-2.7126,-3.6066,-0.23249,-2.8695,-2.3391,-2.1216
4.108,2.2602,10.762,-3.3116,3.8983,-2.5322,-4.1304,-7.7153,3.8606,-3.0034
-1.0879,2.4564,4.363,-2.1295,0.27045,-3.0357,-2.8954,-0.059315,2.0959,6.6385
-0.67961,-2.2744,3.5641,-8.6231,5.4641,2.6822,-0.75035,-2.7354,-1.2165,2.8615
3.449,-2.7791,8.1131,1.8621,-0.1385,-1.5396,-1.6494,-4.2534,1.9457,5.8178
4.2464,4.8522,0.47136,-4.9509,-2.3383,2.478,2.6635,3.8422,-1.1275,-3.0505
-2.3291,-4.9472,6.1955,0.2153,-3.5846,5.5192,-5.2461,-5.9738,-2.3607,-1.8489
-3.3565,-1.4353,3.2968,0.43601,4.7101,1.6641,3.3607,3.3852,-4.194,-3.5922
-2.0896,-2.3198,-0.88888,0.69723,1.385,-5.744,1.6064,6.2737,-2.6061,8.5337
4.3292,1.1033,4.5338,0.19886,-6.9927,-12.018,-8.9735,-1.7739,2.1027,1.0832
1.6762,-1.8451,8.347,0.82352,-1.5287,-5.3805,-2.3852,6.2226,-0.66926,1.0043
-0.57927,-10.565,-6.1715,5.733,3.7297,1.0136,-4.637,-2.7671,-8.0843,1.3491
-7.076,12.04,4.2629,-6.5339,6.0834,-2.4461,0.73201,-5.0663,-7.8976,8.8364
3.3824,1.1807,-1.0764,-1.2512,-0.15136,1.5429,-6.1419,-8.1003,8.8451,-3.7709
-3.6902,0.95611,-1.5581,-3.2594,5.3083,-0.40217,0.3323,-0.53247,-1.7547,-0.51968
-0.58201,-1.3282,5.9728,-1.5882,4.2181,-2.6503,6.4063,4.1892,3.6064,-0.06449
-6.4203,-4.3823,4.7637,5.7954,0.27868,-0.67025,5.0345,5.7523,1.143,-2.991
3.0947,-4.7639,-5.7059,5.8807,-3.7532,7.6255,-1.6387,-5.9745,-6.1912,5.0378
1.6539,-4.5162,3.1746,-1.2415,-1.3267,3.2926,2.3927,3.7445,-0.77588,5.0783
-2.0965,2.4138,-0.39961,0.44625,3.6271,-1.8434,-2.4583,-3.5263,1.9438,-2.6688
0.012696,-11.811,-9.8855,-4.1945,-11.475,1.897,7.1498,-1.6853,-3.1057,1.9501
-2.578,2.2618,2.7019,5.9907,3.9516,-2.6108,-2.294,-4.1495,-5.0766,-1.9603
2.7151,2.2885,2.3154,3.6254,0.71637,-6.1496,-0.82102,-4.6268,1.6318,6.9843
3.7531,-3.4148,-3.5425,-2.1927,-4.2305,-1.167,-5.2474,5.1585,0.89516,1.0498
-1.6419,-0.79855,-1.2627,-2.143,0.042688,-7.5051,0.20731,0.57428,3.3975,-2.3896
-6.6121,2.7416,-5.0119,-0.065295,-2.0379,-0.50024,-2.176,2.1163,-7.0597,-0.42259
4.0087,-1.5235,-1.3152,-4.0707,-2.7146,-1.4293,-6.2788,2.3199,-3.788,4.2265
4.2406,-0.067213,0.45155,-3.6892,-0.32023,-7.4844,-0.078438,-2.1435,-7.9936,-6.1082
-3.1404,-1.1689,-3.809,-0.11781,-4.2085,-7.2458,-6.94,-0.30426,-13.986,2.9277
-3.411,-1.198,8.8517,1.5766,3.5741,-11.213,-3.2637,-0.84886,-3.5066,-1.098
3.867,3.1925,2.3309,6.2125,-6.6129,6.1508,4.8758,-1.8306,-2.8289,1.129
3.5934,0.30504,-9.1712,2.6778,3.5597,1.2921,-4.1928,3.5454,-2.254,-0.66243
-1.6515,13.443,-0.17855,2.9134,-5.5361,-3.5345,4.4414,-0.92567,6.3733,3.5302
0.35218,-0.053542,-3.6666,-2.2375,1.93,1.1251,2.9363,-4.9257,-4.2624,-3.2156
0.19467,-4.895,-6.0127,0.27236,3.6418,4.6744,-3.9471,3.1142,2.6811,-1.7449
2.728,-4.1482,-6.063,-0.16292,-0.65573,-4.4246,3.1618,-4.0946,0.6679,-2.2656
-0.1977,-0.67895,1.9203,-5.1995,1.5426,5.9903,4.6704,-2.3215,5.2257,-0.72237
7.3143,-0.84352,-3.4404,0.071395,-4.0621,-3.5096,5.9935,1.5707,-0.56932,4.608
-10.912,2.3695,3.681,-0.061702,-5.3534,-2.823,-11.457,-5.5187,-5.1533,-5.5591
0.41073,4.5584,-1.4001,3.7003,-0.20272,7.3675,6.8926,-3.9432,-2.0531,2.1399
2.3017,4.247,-1.7138,7.4104,-4.463,5.2411,-2.4129,1.3531,-10.392,-3.8146
0.47908,-7.1444,-0.88718,6.4183,-0.85883,-5.1485,-4.0814,-2.9387,7.1379,-6.7955
-4.6798,1.0475,1.875,0.82042,0.053064,1.0304,-9.8257,6.6356,2.4561,-7.7985
8.6315,1.6847,4.1459,4.1064,-0.66263,-0.62949,-5.6253,1.8724,3.5346,-0.72387
-0.59044,-1.3321,-2.7671,3.0553,2.3116,-0.64047,-5.0873,5.3964,-1.6497,2.9262
1.3155,-0.95349,4.6071,-0.9271,2.4878,-1.3293,1.2523,2.7516,0.32792,7.6967
6.6409,-7.5827,5.7419,-3.5116,3.972,4.3643,11.819,-3.1714,-3.6778,4.4462
2.3715,-4.7381,-3.3858,-4.477,0.13492,2.7073,-2.2843,0.94469,-5.2484,1.125
2.7119,5.034,-2.1796,-3.9566,-1.8386,1.0515,-1.6578,-0.38154,2.2118,-2.0997
6.6916,1.9166,-0.16855,3.5115,-4.4627,-0.8156,-4.6955,-3.4041,5.9253,-4.4381
-2.0149,0.03638,-4.096,-3.9002,2.6688,1.0465,3.3327,2.1191,-1.8395,-0.4792
0.30167,-0.14906,-2.1574,-1.0299,-3.4225,0.16199,-0.97038,-3.9683,0.2736,2.3951
0.4637,6.5918,5.7438,-4.6511,-6.3218,-0.46893,-3.1936,0.014754,-8.7949,0.14762
5.307,0.081647,4.2573,0.36421,1.2212,-1.2344,6.6472,-0.23733,-3.7576,0.32725
-0.41296,-1.7156,-4.5385,-3.7536,2.1913,-2.5388,3.2519,-2.9928,-6.9077,-6.3358
0.54133,4.9807,2.7662,7.0206,-3.3601,-1.8173,-5.597,2.332,2.0898,-3.1963
-9.3442,-7.4803,-0.70873,-2.1221,3.7325,4.1345,5.3308,-3.7642,-2.0226,-0.72153
-0.033465,3.8027,0.87992,6.4284,5.8652,-0.30738,-4.3217,4.634,-4.9131,3.3503
6.5901,-2.1741,1.9738,-8.0308,-2.3155,-0.10557,2.545,1.7635,4.4796,-7.6267
5.9799,-2.3691,4.2735,0.95038,-0.79994,2.8092,-7.7622,-17.313,-1.196,5.0684
0.80208,-2.2681,2.5514,2.0788,-4.7558,3.3293,0.68458,0.21107,-0.36287,-1.3763
7.153,4.013,4.5196,-2.6084,0.081392,-2.3416,-7.0185,4.9644,5.8536,0.94484
-1.1251,-2.8947,-1.4779,0.36107,-0.73742,-1.2483,-0.6507,-8.4774,-2.1852,-1.0169
-1.5729,0.39815,3.7465,-0.86854,-2.3428,0.058866,1.0528,1.7609,5.8234,1.8591
-9.1677,-7.4768,-6.528,-13.945,-4.3124,-4.5957,-2.2523,-0.72662,-5.6024,8.9604
-0.11403,0.5445,1.2248,0.044197,-1.0051,1.5737,-1.9306,2.9604,-2.1784,-1.5569
7.4878,-4.3651,3.4135,-1.0168,-5.0596,-1.1286,-0.39362,3.0506,-0.32566,-1.1102
-2.7026,6.6379,-2.4335,-1.7672,-5.8221,3.1999,-2.0916,-2.273,0.54857,-2.5898
3.8382,-0.09007,3.4814,0.94658,-2.5649,-1.5384,-7.8842,3.4635,-3.9369,5.0376
8.0593,-4.9616,0.73465,-1.3699,2.6189,-2.3143,0.11655,-0.6579,-4.7798,0.81073
2.1933,4.8892,-3.6893,-1.4231,7.4669,5.7509,-0.74677,-6.3852,5.8042,-1.7449
3.3187,4.9808,2.0195,-4.004,3.6317,4.5083,7.2681,4.0872,4.2669,-7.7887
-2.3462,-2.3497,3.971,-4.6965,3.2357,-9.2577,4.8594,6.6211,4.3495,1.1227
2.0411,2.5738,1.6956,3.5277,2.2999,2.8622,-7.9518,-7.5841,0.15534,2.7202
2.9348,-1.8375,2.4109,-6.8096,-8.5517,-2.7506,1.2282,-0.027325,4.1989,2.4895
-11.205,-6.1356,-9.6751,2.2412,4.0825,-2.7583,5.1297,1.4526,-2.3509,-2.5847
-1.4509,-0.087059,-3.1046,-1.917,0.21928,-6.8315,3.326,3.1066,-3.0118,0.90495
-1.5834,2.1001,-1.8174,-4.3039,-1.1075,-0.79966,3.0468,3.2836,1.0768,-0.70837
-4.6351,8.4284,7.3708,-0.90689,-1.9763,-5.4897,2.0822,-2.0378,10.164,1.7673
-3.2105,-0.86037,2.2979,1.2114,2.0971,2.1621,-5.6801,-2.6504,0.47979,5.3833
-1.378,3.7764,4.0283,-1.8906,3.9347,6.6385,-3.9206,1.9989,-4.6358,-5.8217
3.228,0.17419,6.3977,3.8308,-0.20319,3.9024,3.497,-3.8839,7.3334,-0.56695
3.5326,-7.0172,-0.62555,2.583,-11.261,2.85,-10.352,-1.4905,-4.1406,-1.6136
-2.3171,3.6237,-1.0611,-0.75102,-5.208,-0.05897,2.2139,-0.013028,2.3891,-0.35179
-0.7918,-2.4971,8.8004,3.9327,-4.0524,-1.5174,2.3844,7.8694,-4.3017,-0.28734
-8.3859,-3.6077,-2.7587,-3.8858,-1.019,-5.1249,-8.574,1.9358,1.9649,-2.8674
1.8431,-2.5609,-0.74018,-1.5518,5.7929,-6.2214,-6.1834,-6.3184,5.8173,0.35379
4.6362,-3.1784,-2.8301,-0.38203,1.0592,3.4745,0.64257,-1.6567,-5.4881,-3.7179
-7.8743,-4.729,5.6649,-3.7879,-0.72848,-4.4848,2.135,2.1501,1.6608,1.1357
-1.3082,1.1552,-0.35193,0.13201,-1.021,-4.9982,-0.74539,1.5849,1.6665,3.3836
-4.0118,2.1171,-2.9701,-8.489,-3.2283,6.6364,-2.3584,1.8581,-2.1732,5.6266
2.5602,4.4658,-4.0753,7.2335,-11.946,2.649,2.4123,-3.7921,-2.0843,-0.49787
-5.5742,10.713,-3.7682,2.8095,6.5978,-0.95377,-4.1429,2.2932,9.809,-4.3909
9.1608,5.0787,2.6605,-5.2374,1.1023,-0.37067,-5.9623,-11.979,-0.004229,-1.4173
3.5782,-5.6335,1.0457,-2.2711,0.66452,4.9583,-2.0365,-0.51887,0.35894,3.5756
4.2644,2.248,-3.2419,-2.4767,0.71614,4.7759,3.8201,0.29999,-0.39643,-1.0304
-6.9901,-3.631,0.11426,1.2972,-4.9588,1.9395,4.8431,-2.1325,0.14879,-3.3551
1.7431,-0.82216,0.78208,2.2268,1.9747,-1.6572,-2.5736,-1.1839,-0.063233,0.91641
0.23613,3.1445,2.6275,-3.5404,2.7304,0.042686,-0.41747,4.2331,-2.5148,-0.74467
-4.4189,-6.1432,-1.5513,1.3909,-0.94753,-5.0486,8.9681,3.0539,-3.5667,-2.0514
2.1479,1.0266,-7.5133,1.1998,-1.0341,-2.289,1.1926,6.77,-3.5392,-2.8491
-2.2926,-0.38428,0.45602,3.6337,-0.010833,3.1787,0.8874,3.9553,7.6793,-0.4171
-4.8631,-4.2195,2.0227,1.7779,-2.0664,4.3277,-3.7022,-0.7299,3.5993,-0.5663
-7.3579,1.5135,-0.13971,16.996,-3.4029,0.066482,-3.5389,-2.9397,-1.3494,-0.38823
-4.7895,-3.802,10.262,8.8744,-3.044,-6.2304,-4.5943,-6.8604,4.6833,-0.24126
-0.10459,-0.11898,-0.50048,0.040577,-1.0746,6.1528,1.6967,-0.2595,-0.3041,-1.5561
0.769,2.0552,0.62929,2.0055,3.8078,-1.027,3.7255,2.532,1.6127,2.5269
-6.4541,-1.2396,-1.2142,-5.186,0.084349,-0.29708,2.5762,2.0579,-0.99628,-0.78915
5.7823,-3.7392,-6.886,-5.0162,-0.58015,5.3437,4.7334,3.1991,-13.747,-3.1401
-10.484,-3.1108,-9.3898,6.4003,0.86326,-3.7526,-2.5681,5.8773,-13.659,12.171
6.9967,-0.63687,0.47252,-8.7385,6.0346,1.0136,-0.41314,-1.8533,2.3737,0.050881
1.3101,7.822,-6.5018,-0.32081,-1.6209,-2.0055,-4.4143,-5.8645,-1.1995,-1.9621
-0.94338,-0.39287,-3.849,-4.8851,0.49241,3.3505,-4.0015,3.2866,-9.1696,0.37986
-4.5123,1.0975,0.32484,3.121,-5.0268,-1.408,-5.0136,2.3107,-0.7271,-1.2405
0.95907,-3.0165,-1.3482,-6.8838,-5.6032,2.7007,-5.5919,-4.3037,2.766,4.5268
4.2114,0.24397,0.69944,-12.306,4.5505,3.6764,-1.7936,1.5997,-4.9201,3.5951
-1.5964,-3.0653,9.0028,3.7144,-0.20404,-4.0492,-0.90994,-1.0381,-1.1992,4.8233
1.4257,-0.37749,-5.5504,1.2587,3.6743,7.3479,8.068,0.23596,0.77634,2.5001
-2.1523,-2.5225,-3.7778,-5.2407,-1.9243,0.46219,0.86442,5.0145,0.37751,-2.93
3.1971,2.3938,-2.5204,0.85255,-3.4237,3.5242,-3.83,-0.81778,1.7842,3.0616
3.412,8.7929,-2.08,2.9146,-2.6397,1.3581,2.2568,-0.10562,-2.7512,-1.2607
-1.5015,-1.7334,-4.8409,2.3295,0.91997,-3.099,-0.34593,3.0264,-2.1123,4.3074
6.0592,0.83788,3.917,2.8556,-7.0825,-6.2279,-4.508,0.28247,-0.47567,-3.6822
5.2535,-2.1325,4.2937,0.97128,7.1827,1.1032,9.0072,6.8659,-1.7247,1.5767
-9.8344,2.489,4.7889,2.6761,-5.8694,-1.6612,1.031,8.0463,-6.5342,6.4124
-0.99195,0.56421,3.9781,5.9006,2.4276,2.6658,5.0618,-3.3524,0.17477,-5.1308
3.2002,0.51901,-7.2331,-0.29773,-0.66773,0.0030924,-2.0278,6.3217,3.2277,-10.331
1.1773,-4.852,-5.1857,1.0582,0.79099,1.5695,-0.14802,9.4318,-4.8924,12.809
-2.1023,3.2666,-2.0148,-3.0845,4.1798,1.3203,4.1005,-3.9159,-10.513,-3.456
-1.2358,-5.3807,10.663,2.2041,-8.2248,0.81281,-5.1837,-9.3272,-2.8482,5.0309
8.2016,-0.16597,1.1769,1.5888,-0.26488,-10.272,-1.6465,-5.9814,-3.6814,1.3603
2.8664,-2.9218,-6.2769,-1.7045,-1.5105,-1.9062,7.2623,-0.37966,0.34432,-0.29653
1.6186,4.4947,1.4272,0.65725,0.35165,-3.5438,4.2211,6.1836,1.3852,-3.3589
-9.9206,-3.3051,-4.1034,0.51292,2.1673,5.3128,-1.9342,15.507,-7.2263,7.2946
1.0881,-7.862,4.3788,-0.25673,-1.2717,2.1525,-3.5702,-0.94592,-0.764,-3.1484
3.2932,-1.783,-0.3316,-2.438,-1.1955,4.0852,-0.23992,1.7135,-2.2329,1.0643
9.6548,-11.141,-12.257,1.4063,6.7428,1.5108,-1.8311,2.7483,5.321,4.2053
-1.0746,-2.5287,-2.5644,6.8526,5.8101,-2.0761,-3.6983,0.32089,-6.0072,9.7399
-0.52619,-0.46438,3.6392,-0.45262,-0.56794,2.6568,-4.5132,-1.4605,2.508,-3.7459
-5.4521,-1.4348,0.87685,4.3635,-1.8809,-0.274,-1.2668,-1.121,-2.9406,-2.1397
-2.5824,4.397,5.3884,2.5426,-0.91807,-1.7462,-3.484,3.4664,-3.8427,2.8362
-2.5091,1.5824,-9.8179,4.6036,1.9315,0.84851,-4.3734,8.2267,-3.1729,-4.3159
-4.3256,4.3741,-4.4744,3.7143,1.2342,-4.8883,-0.16184,-1.7345,-1.5518,0.36084
3.1354,-1.4788,2.6093,3.399,-5.5682,-4.6234,0.14139,2.4044,-3.2031,-1.0844
-1.1323,-0.70288,2.0109,0.5766,-1.0867,9.1845,5.0198,-0.73154,-4.5546,3.4605
-1.1213,5.2503,4.1699,0.21261,-2.4931,-0.24681,3.5089,3.2354,-3.7054,-0.26811
6.9483,1.854,4.2953,-2.5022,5.4451,-5.0782,3.4707,-1.3041,1.6314,3.2189
6.0886,0.99978,4.6196,-1.2543,5.9103,1.0955,-5.9022,5.2124,0.98729,4.7101
5.1652,-5.3638,1.1984,-0.11087,2.2681,-2.2723,3.2791,0.60708,0.67289,-1.842
1.6132,2.21,3.4838,4.1306,-4.3321,-2.4264,-7.9017,1.1267,-0.023466,-1.5969
4.6735,-0.84435,1.0086,3.6817,2.3286,1.42,0.32052,5.8068,-0.54656,-4.8786
-4.9423,-4.497,-0.55266,-1.4471,1.6085,-3.9144,-1.5724,-3.2221,4.5391,-0.61549
-2.8854,1.0091,-3.5,0.65553,-0.74343,1.6252,-1.8155,2.3393,-1.1045,-0.20934
-2.1405,5.3248,0.39669,3.575,-0.055558,3.5269,-1.0859,1.9614,-3.1567,3.4762
0.89189,-6.6497,-0.69024,-0.59851,-0.12825,1.0023,5.6803,-1.9044,-0.98361,2.1175
-3.0537,4.285,6.5451,-7.4937,0.38458,-2.7652,-2.8357,2.7334,2.1993,5.6172
-11.48,-1.0008,-3.7575,-6.1448,-1.068,4.724,-6.4772,2.9424,-4.2573,1.7678
3.4641,5.2557,0.65037,-10.652,-1.9946,0.43362,-3.195,-1.4786,-2.8727,1.2257
-6.7205,-7.2625,-4.8475,0.61889,4.7135,-14.997,-0.4615,7.4623,-0.93704,-5.8502
1.7834,3.5623,2.2456,1.0927,-3.6254,1.6477,1.4644,1.315,-7.6154,3.9363
1.904,-4.0957,0.69791,-1.6609,-1.047,1.0335,-4.503,4.5626,-5.9539,-10.276
6.7784,-2.3946,1.818,-2.9016,-9.8778,-4.9852,0.32717,-0.91516,6.2636,2.6851
-7.1881,2.4824,0.40886,-3.3587,-3.0325,-2.9783,-8.0289,-4.7173,-2.1763,1.9493
-0.23238,0.11058,-2.9093,4.6273,0.75529,3.0056,-1.7877,-1.7364,5.4873,-4.9635
-0.65035,-1.3688,6.879,-0.061085,-0.94425,-3.916,-1.3701,6.442,0.40909,-3.6324
0.52924,-2.1524,3.4658,1.4675,-2.5518,1.5261,-1.9226,-2.7667,-4.25,3.4576
-3.3692,-6.1447,-7.3337,-2.3696,5.1196,0.10835,0.90902,15.065,7.0504,-1.1024
2.3853,-4.9033,0.52244,-0.59672,-0.1642,0.93454,-3.1449,5.0248,0.84567,-4.3961
-2.7394,-0.6741,1.3947,-4.221,-0.59353,0.14537,-1.2413,-4.5063,-0.84545,3.4216
0.093152,-3.0141,2.0894,-4.5728,-4.7851,1.9601,-3.5307,8.7277,-1.4145,-5.2013
2.3088,8.2609,0.4605,1.6723,-6.0342,7.9075,-11.049,-2.1955,0.34792,3.3066
3.7093,-3.9937,4.4649,-0.021769,-2.8022,4.0541,3.2873,-0.91315,-1.6422,-0.89431
5.6327,-4.4911,-1.5277,2.7866,-6.3385,-2.8974,8.1394,-6.1013,0.37422,4.1531
5.0833,-6.5647,-4.6172,1.3185,-1.8488,-1.4613,-4.4359,-2.2249,-2.6657,3.6234
-5.0853,0.24515,-6.9558,2.2511,2.1406,1.0552,2.8993,0.211,0.77921,3.6184
7.6412,-4.6032,1.5127,-0.015197,1.8933,4.2629,-0.37816,6.8638,2.9723,-0.97756
1.2796,1.5609,6.7509,-4.5909,-3.1731,-0.29069,-3.905,6.7645,-4.0167,4.4077
10.992,6.5838,0.80609,7.3126,-3.5382,10.386,4.4026,-10.565,4.3297,-1.9397
4.6326,3.0385,0.71852,2.4754,9.2044,-1.8962,-1.2512,-3.8377,2.8209,0.096721
-3.2869,6.7798,-1.0178,8.8839,-6.8634,-2.6028,-11.449,10.985,-6.6881,10.404
-3.1456,7.1372,0.35998,-6.7199,-2.8067,2.6951,2.24,0.33916,7.2724,0.13217
0.55437,-4.2288,-0.12831,-1.1101,-2.4937,-0.095378,-2.1788,1.799,3.2436,6.0651
-2.3863,2.8984,0.23367,-0.53406,-0.78466,4.4203,1.4714,1.0275,-1.1655,1.1097
7.2888,2.1317,-3.4565,-1.4846,-0.77129,-0.31344,3.1545,0.13236,6.0908,2.4281
0.0108,-0.4743,-4.4036,0.096951,-1.2489,0.29945,-5.2598,-0.5074,-3.2511,-4.5451
2.1362,0.54218,2.342,0.1324,-0.15733,2.7342,-3.1534,-1.6554,2.0779,-1.0604
5.5037,4.9936,0.1364,-3.3638,-4.4365,-0.90276,-1.1103,0.95929,-2.6172,-5.2154
2.3257,3.3322,5.2563,-1.3419,1.9261,6.7275,-5.1093,-1.1655,1.697,-4.4871
1.2303,-1.8898,0.34368,1.5342,1.5546,-4.1194,-1.8396,6.0483,-0.61186,-7.4424
1.6718,-3.1894,0.30463,-5.0179,14.827,-3.9933,-1.6274,-6.5502,3.5792,-1.0126
-0.31475,4.1429,9.6811,4.0675,-4.4545,1.7844,-10.581,10.53,6.5736,-2.4627
-3.412,-0.035593,3.9264,7.8209,7.973,1.4933,-1.0941,6.8853,3.0279,-5.483
5.2469,-0.068038,6.5864,-2.8622,-8.7474,-1.4106,-2.4467,1.7913,6.1874,4.5997
1.2616,7.6323,4.9006,-10.123,1.7955,7.0954,-0.58177,2.2301,-0.40796,-7.83
-7.0336,2.8913,1.8176,-1.2113,0.85453,-0.81619,7.6812,3.1707,-1.3354,6.726
4.4082,-1.5815,-3.7073,0.095318,-4.5716,-3.0472,-5.8044,-3.0404,1.9429,0.55096
-7.6079,3.5203,-14.236,1.0808,5.4519,-4.4588,-9.7046,-3.0855,-3.8818,2.4582
3.0499,-4.9213,-0.5812,-8.2116,-1.5592,-1.1578,2.4332,2.4598,0.89756,2.3994
-2.8251,0.70405,1.4031,1.8268,-5.2885,4.6127,-3.647,-0.66023,2.4935,5.3117
9.7317,-6.7692,4.5165,1.2864,-1.2379,-0.064821,-5.9899,-3.1705,-0.27801,2.8088
1.6112,-1.8444,5.9462,2.7952,0.40834,1.912,0.91704,3.3,-3.52,4.9605
-5.6438,-0.30388,0.12364,-0.91435,-4.339,4.3966,0.48788,-1.4661,1.5344,-3.7951
-1.1645,-4.0559,5.4354,-0.088263,-0.42022,3.5859,-4.7091,-2.6872,0.2024,-4.238
2.9121,3.1641,3.0302,1.6116,-4.049,2.6071,-0.53254,-0.86914,-0.80357,6.2129
1.4589,-4.165,5.8021,-2.6295,7.4236,-2.4405,-3.957,1.6863,4.4363,4.8836
5.6845,0.071197,-3.2119,-2.0818,1.1066,1.9111,-1.0282,1.815,2.2758,-2.3149
-4.0465,-1.4081,6.7891,3.9179,-4.5332,-4.1548,3.8136,2.8578,-0.49241,-1.2281
5.4757,-1.7481,1.0137,-2.3784,4.5131,4.7494,1.5137,1.9071,2.1332,-1.5503
-2.8382,-1.5005,3.6018,-2.6521,-0.09781,-1.6403,8.611,-0.044851,3.3749,0.78892
-5.03,-5.963,-15.257,4.444,3.1044,3.4491,-2.3788,1.0632,-1.3117,-5.3038
-0.14879,0.98186,-0.65939,1.433,-5.0479,8.5508,-4.3933,-2.834,-3.5665,-4.3907
-0.82727,0.11185,1.2327,-3.4343,-5.5796,4.6685,3.6596,3.7506,-0.76923,1.2724
-6.0328,3.586,1.198,-1.6544,2.3583,-3.4518,3.5977,5.2473,3.5664,3.5037
2.4232,-3.8326,0.86094,0.56647,-1.1004,-0.097872,6.9997,0.6103,-0.08305,-6.387
-6.5156,-6.2069,4.8102,-5.0068,-1.9638,-1.0585,2.7217,-3.2256,8.5873,-0.56711
-0.47185,-3.0807,1.1514,-1.9331,-2.1539,-0.64616,-5.3817,-0.5838,0.84086,0.056234
4.1597,-2.4077,-0.65026,-1.319,-11.311,-1.8803,3.3307,-1.4504,5.8794,-5.0159
3.8849,5.609,-0.54083,-3.7823,2.4727,0.1192,1.6254,2.7104,1.2361,0.92681
-1.1658,4.6683,-3.087,1.3628,0.64619,1.1201,5.6946,3.2566,-4.2811,-0.58928
-5.1388,-3.0102,-0.76258,-1.2934,0.34243,1.0722,4.7284,1.0593,4.2782,1.0556
-3.5048,6.9966,0.63269,-1.4571,3.2624,3.6876,0.30178,1.7272,-4.0516,1.9883
5.1659,2.1753,-5.7344,-1.9873,5.9618,3.2162,6.5187,8.6074,1.4522,-6.3298
1.6331,-0.05399,4.8361,0.44722,-3.9698,-0.4806,-2.9973,9.1914,5.4548,-0.41763
-1.6555,0.31564,3.9298,0.69758,-4.2123,4.9426,2.4083,-0.71827,-5.9492,-0.93128
2.6052,-1.0184,1.0191,-3.0562,0.084096,-0.0061501,1.414,0.79968,-3.7773,-0.64009
3.7696,1.1167,-0.70361,2.8299,-0.5004,0.91987,-2.9293,-6.0155,6.186,3.6347
4.992,2.4447,-5.8851,3.635,6.3543,3.8583,0.3934,0.8792,-0.43227,1.421
3.2376,7.6801,0.25048,6.4069,1.5535,1.7275,0.2731,-1.3617,1.6325,3.8977
-2.3165,-0.16815,1.8719,-4.7999,-3.3911,3.72,-0.85778,-1.2544,3.5993,0.013527
-0.054722,4.1178,0.40006,2.4778,4.4164,1.9831,3.0534,-3.8151,-3.2058,-1.4304
-5.4886,2.7801,-2.7168,5.2457,8.8328,4.2523,12.126,8.9061,-2.2033,-0.38055
1.851,1.7806,-1.9807,1.2158,0.68186,1.4062,5.4461,-2.5653,4.5247,-2.0666
-0.17413,2.2259,3.7863,-1.9924,-1.2137,-3.7362,-4.2244,3.9665,-0.96073,-2.2139
2.2889,-0.84133,5.9854,-4.0975,0.041186,-3.0697,-5.8362,-1.141,-1.3692,0.12668
0.086451,-3.0439,-2.7071,-7.1615,2.2053,4.7081,-1.7657,-3.6771,-2.704,-3.2568
1.3103,-2.7788,-3.8497,2.595,-1.5447,-5.8661,1.3918,-2.5386,0.093367,0.10098
-1.9503,-4.0586,-0.82583,5.3794,-6.3242,0.59066,-3.2733,4.7292,1.4476,1.63
0.004267,-3.0344,-0.1679,-2.348,-0.072664,-3.6476,-4.7043,-1.4734,-0.87742,-2.3133
-0.36193,1.9845,4.1568,2.7696,-3.3635,-0.010871,-0.1857,6.5818,-3.2382,1.7934
7.5849,-7.1608,8.3875,3.608,-13.36,-10.713,-1.6983,-6.0785,-0.49085,9.7776
0.55574,-1.9873,7.1679,-1.6005,-3.0496,1.8128,-7.4721,-1.8254,-8.9473,4.0747
2.5149,-5.4419,-3.2919,2.8302,0.36476,0.78018,0.74213,-1.0628,-2.9749,1.6912
-6.7018,1.4599,-4.1358,3.1335,7.7595,-2.6143,3.3557,4.0731,5.6063,1.4132
5.0302,6.889,-0.13715,4.85,-0.17304,-0.10745,0.48943,-0.082617,-3.6232,-2.2141
5.0853,7.0124,4.3877,-8.5719,-0.60349,-4.9415,6.7961,-1.6943,-0.49784,2.9154
-1.1448,-6.4011,7.1405,-11.982,0.15934,9.1892,-8.1464,1.1937,-0.36117,-0.29564
1.4748,2.4858,3.5605,-1.3632,-7.809,-2.4127,9.0315,0.084712,-4.8194,0.7913
0.16094,-7.3647,6.8748,-0.073023,0.18599,6.6452,-1.7385,4.6014,-4.0003,4.2278
1.9467,4.8299,-3.7331,0.17932,-4.5273,1.7523,-2.4089,-0.91411,-2.1917,-4.6927
-1.9638,-2.3338,5.6543,5.6866,-0.58733,4.2962,-1.4613,-3.0392,-0.20866,-1.0272
-3.4246,4.811,-5.5767,4.6722,-5.5345,7.6222,-1.3495,-2.1116,-1.0647,3.6982
4.9813,-5.2707,-1.5428,4.8126,0.782,-5.741,-6.4894,-2.2843,-0.019058,4.5261
5.6506,0.72314,0.4533,3.7177,2.814,-4.5988,2.3464,-3.7485,-1.3678,-0.5777
1.8658,-0.06292,2.6809,1.0498,1.7427,-2.5237,4.1411,0.54454,-0.55344,-1.5192
6.0347,-1.9666,2.3748,1.6746,1.5572,1.6596,-3.0738,5.1244,-0.74251,-1.7456
3.2037,3.1849,2.7168,0.85776,5.5349,12.38,-1.0295,6.0479,5.9418,-3.2829
4.1559,7.8163,11.155,-5.296,1.6484,5.8975,3.154,-10.164,-2.1864,-5.7771
-1.7491,3.0103,-1.1549,-0.3074,2.7388,3.5246,-3.5326,1.3521,-2.9648,-4.4833
1.3457,-6.094,-6.1082,1.1031,-4.551,-2.9891,-1.8206,0.54621,-0.82133,8.0923
3.0039,1.6687,-4.941,-3.321,-2.098,-1.7004,4.7023,-0.27472,-3.5694,3.3771
-1.8417,0.35225,0.25271,-4.9772,-2.2415,1.5732,2.9378,0.48016,-4.9594,-0.60231
13.631,6.94,-7.5716,2.4065,4.9352,-3.8562,-6.1853,2.3223,0.96582,-0.068774
-1.1003,9.2353,4.2809,1.2824,3.733,2.4191,-0.86031,-3.7656,-4.31,2.2143
-1.5267,-0.41624,-4.6649,-4.2247,0.24663,0.63303,1.2023,-4.5156,1.2722,1.188
-3.2622,3.3665,-1.4551,1.1432,1.79,-1.3821,-1.955,1.2252,1.5184,-10.002
-1.6252,-2.2139,-1.6307,0.33336,1.5131,3.9019,-6.0577,-2.98,-1.4319,-8.7619
1.1004,-0.82586,-4.6736,-2.7524,2.2803,0.22496,-7.6764,-1.886,-0.65745,-1.3152
0.84075,6.252,7.2336,1.5737,1.42,-4.5411,2.2098,3.0288,1.1093,2.8668
-1.265,0.76494,-2.2432,0.57873,-1.5461,0.9317,-1.4042,0.95867,-8.1275,2.7551
1.8796,1.1443,1.2395,0.19581,-0.32773,-0.26719,-1.4372,2.4596,1.331,6.4276
4.9942,-0.54209,1.3425,-0.89995,-3.9973,3.8952,-3.9224,3.9062,8.7739,7.2817
0.16101,-2.0101,8.6338,-1.0475,3.3816,1.3442,-3.4664,-1.0249,-1.5548,-1.9974
1.0401,2.5512,-7.0729,0.12133,1.3978,3.5498,-3.4178,-0.91201,1.5803,0.61542
-5.034,1.2208,-1.6669,-1.2435,2.7869,-4.1461,1.5036,8.7883,5.1115,1.6879
0.72037,-7.2925,9.5839,-3.449,-12.26,-1.6914,-4.1233,-19.028,5.3755,-9.6738
-0.68927,-6.7433,-6.2206,10.186,-0.93933,-3.5268,-0.50089,-2.0971,0.33008,-1.7972
-0.4387,0.97444,-4.6649,-2.8652,-1.2925,1.4719,6.6143,-1.759,0.42635,-0.99712
1.1688,-1.4923,-4.2161,4.5014,-0.59932,6.3617,0.57038,0.89871,6.5398,-1.3053
10.876,-1.6917,1.4782,0.055285,-5.9212,-5.3157,-9.7634,6.3196,-1.6519,1.2271
3.2038,2.1799,3.8098,8.994,2.9321,-3.28,2.4497,-3.9324,2.4262,-1.4243
-1.192,-5.1674,-14.614,-3.7256,4.2977,-1.8555,4.2697,-0.76282,-6.0572,1.0691
-2.6243,-2.5452,-9.6626,-3.5734,1.7638,-4.7948,-4.191,-1.1566,-1.7402,0.63432
2.5927,5.0014,1.8062,-2.7261,0.65176,-0.41186,3.9562,2.8865,5.6581,-5.7673
-0.69721,5.0997,0.74115,2.3521,-4.1029,-0.67129,0.96869,-7.8373,1.6976,1.3556
-2.4723,-3.7692,2.666,7.2572,-3.0317,-4.7471,-3.6347,-2.3712,-1.5773,1.2322
-12.035,3.0598,9.6423,-8.4486,-3.4189,-5.3568,6.8613,-5.4608,-12.986,-5.4022
-7.237,-4.8108,-3.9283,-0.86642,3.8294,-5.8053,-0.36538,-5.7873,-7.6677,4.3624
-3.1274,-1.5747,-0.99467,-6.1523,2.717,4.153,7.8508,-0.21293,-2.4353,-3.2418
2.2608,-1.4943,0.13069,-1.5081,-0.9139,0.58415,1.0881,-2.7834,-1.9285,4.7482
2.6399,3.7717,-4.0618,-5.5754,-1.6865,6.1052,4.5722,-0.30843,2.846,-5.5872
2.2579,0.50682,-3.2196,-2.0379,-3.0625,10.577,0.8721,-11.177,0.59976,-1.4422
-2.3781,2.6977,0.66537,-3.1117,-2.2767,3.4315,-5.5393,-1.238,-2.2366,0.77001
0.98172,-4.4386,2.088,-0.22747,-1.4031,-1.2975,0.12799,-2.1424,1.1657,-4.3861
-4.1254,-0.87428,-2.0069,2.7592,-3.0112,-5.6306,-4.1404,0.21472,2.0324,7.2719
-0.045992,-0.79614,2.7545,-1.155,-2.5065,5.193,0.85346,1.0416,-7.1071,2.5711
3.9657,2.9947,-1.5189,1.0631,0.75397,-0.050309,-3.8859,1.4255,-0.46329,-4.1787
0.48776,-1.008,-1.8926,0.060511,5.9425,2.74,-2.7463,0.63095,-0.46103,3.9426
1.3005,2.5485,-1.9038,1.3736,2.1811,2.4794,3.7069,-3.5484,0.98109,-1.1054
2.614,-0.59716,3.5229,2.3473,5.4085,-2.5372,-1.0982,-2.7831,5.5828,3.2983
7.4884,-2.2931,-3.3354,1.3907,0.25075,2.1965,-0.36004,3.1602,0.069743,-3.7899
0.74015,-0.61338,5.7711,3.918,-0.25122,6.5099,-2.4972,-2.2122,0.22342,8.1933
-7.3009,0.92583,-3.4255,-0.35329,0.16483,-0.32537,-2.2599,-3.8718,0.3674,6.4744
3.087,-3.9831,-4.9206,-2.3609,0.6171,8.2755,-0.87528,10.967,2.7229,1.6672
2.6048,1.9747,3.2462,-1.3411,-0.89977,1.2414,-2.7202,5.6575,-4.738,0.76083
-3.565,2.5333,0.26123,0.9748,0.80851,-7.2041,-2.1744,-2.6472,-3.3558,6.5675
2.8179,4.5511,-8.912,-1.9961,2.3397,1.2077,14.955,5.8757,7.3858,-8.7988
6.6776,1.9685,-2.6281,-2.8698,1.2415,-1.4807,-4.8592,-1.9956,-1.6244,0.38542
-2.4451,-3.3333,-1.5795,-2.8753,0.89355,4.207,3.5845,-6.2369,1.0282,0.69723
3.3319,2.0465,3.7155,-4.1942,2.8549,-2.3167,1.3495,0.43108,1.0851,-8.7845
1.6324,1.8483,6.4022,-7.4228,-6.0836,2.6778,-0.78238,2.5754,-0.40969,-7.283
-4.0365,7.1479,6.6956,5.1038,-5.8042,4.2497,-1.7417,-4.9519,3.0973,-11.886
5.6137,-0.54123,0.61243,0.085478,-1.0995,5.1256,2.9408,1.9191,0.46512,3.1603
-12.69,-0.076076,9.2183,6.8062,8.4722,10.317,8.6579,9.8102,-0.52721,-3.7918
-8.5241,5.0544,-1.3607,0.36776,2.4426,-2.895,1.029,-2.29,-7.1782,7.1673
4.4895,-0.93924,-4.8141,10.502,-1.3112,-3.2042,3.0773,-2.1352,3.5232,4.6974
3.9735,-0.032862,0.84355,1.6794,-4.0991,-4.851,0.43917,-1.4375,-4.0837,-4.1235
0.098961,0.6452,-3.6759,-4.1356,-4.0237,3.2896,1.4357,-1.4966,3.1254,-2.1983
0.72961,4.2204,0.33935,-1.4562,-3.6189,5.6662,0.8691,5.0504,0.34628,-2.9305
-3.8598,-0.4168,-3.1392,1.5608,5.4037,4.8996,0.044203,2.5978,-0.68194,-3.1453
5.3922,1.5804,-3.3992,0.82282,5.8803,1.7832,-0.75005,0.20941,4.165,2.0202
-0.79292,-1.325,2.8216,5.1516,4.2175,4.1979,4.3255,5.0233,1.2559,-1.6412
3.1265,-2.5582,3.9398,1.6141,-3.3179,-2.8977,-0.15885,1.5158,-0.86307,1.9268
4.2795,4.7643,-1.1139,-0.53544,0.39404,-2.3011,0.11367,5.3216,-1.3684,5.8788
2.3162,3.0827,-1.1682,-0.29918,0.54009,5.7574,-3.4126,-0.73537,-1.1604,-5.3445
5.4383,-5.053,-2.3426,0.049797,-0.23414,-2.1695,-7.5968,-0.49049,-0.58585,6.561
0.75517,-0.27821,3.1946,-0.53474,-2.7684,-0.57637,5.3394,7.5758,1.6472,-4.0881
3.6589,-2.3955,-1.1585,1.9716,-2.5311,6.0155,-0.53769,-6.0741,1.0063,-1.159
-0.78054,2.3458,3.12,1.3911,0.21717,6.0107,3.2369,6.0589,-5.9131,6.0302
-0.31686,-12.574,-1.6091,-4.5587,5.1425,4.6606,-6.8448,12.122,1.5502,5.6078
0.35925,-1.7473,0.64898,4.3891,-3.8229,0.42682,-0.32424,-1.3697,-3.9559,-0.32505
5.7741,12.025,3.7262,-0.63141,4.5763,-1.577,9.6026,-0.6739,-3.2652,-4.7315
1.0597,-3.4617,-3.8392,-5.1869,3.0897,1.1269,-2.2521,0.036908,-0.61713,1.7455
-6.911,-5.6308,2.7494,-3.0878,-1.2856,-2.7141,2.2403,2.3376,2.3685,1.2774
1.3494,0.48982,-5.5217,1.2173,2.0046,0.020756,0.81772,-4.9465,-3.3912,-1.3888
-3.7481,-3.1263,2.2973,-4.6918,0.085375,0.01944,-0.86488,-2.4903,-5.3391,1.0184
2.2297,1.5281,-1.0723,3.9677,-3.8296,-0.29362,-4.867,1.4272,-5.2091,1.3716
2.5703,0.26528,-1.8914,-1.3207,-1.6685,0.25464,-6.4406,-5.0496,-0.5925,-6.3167
2.4432,4.2041,1.3992,0.67793,4.1055,9.9919,-5.4646,-4.1529,-0.99602,5.4482
8.3061,-2.1628,1.2264,3.5518,-4.6549,2.9446,-3.0991,7.6251,0.184,3.8629
18.872,-8.0238,-9.0097,-9.1798,12.297,1.4119,-6.2342,-9.8743,-8.4793,1.3061
-0.42961,-6.6511,-1.4663,2.0394,1.0062,-5.6462,-3.2313,-5.6047,-1.0722,-0.38738
2.1733,2.0314,11.157,2.8127,3.261,-11.743,-4.4097,3.4416,6.4906,-3.5949
-0.89136,1.4609,-6.6025,-5.4991,9.4555,3.9791,9.4393,6.7804,-8.0655,-3.2735
2.8916,1.4386,-1.0312,1.2498,1.7095,1.1891,1.9751,5.0159,-4.7504,-6.1561
-2.8505,1.2273,1.2864,1.8234,-6.9831,-0.14567,-1.666,-3.8309,1.6595,-1.7118
5.7479,6.0101,10.292,-5.6174,-3.1579,11.621,3.4481,-9.6368,0.72437,1.7878
2.3832,-4.4444,1.3364,-4.2931,0.45446,1.002,-0.12465,3.9889,-1.5157,3.1615
-0.089563,-4.01,-0.69545,0.18043,-3.466,1.5732,-0.045296,-3.7843,-2.5944,4.8496
3.602,-0.94085,0.50853,1.978,-0.55273,-3.6837,-0.095857,0.49674,1.0777,1.7112
-5.0134,-11.373,-2.5393,1.6725,-0.18058,-3.0407,1.2715,3.7469,3.7353,-3.0718
-3.3972,5.6369,2.0964,1.4946,-0.065874,5.7418,-4.5536,-0.2192,-5.1545,-0.024102
3.9095,-5.4543,4.1698,-1.0003,-7.1436,-3.1944,3.555,-0.88377,1.6835,2.1267
-0.66509,-0.61315,0.51498,-0.19127,-4.4395,-4.5926,0.66033,0.62195,-2.5003,1.4241
-4.5148,2.0637,-0.79397,0.50296,5.5197,-3.4073,-4.3938,6.4919,0.12508,0.56932
-7.0081,-2.7078,1.5391,-5.8129,-5.3338,-0.0046492,4.0605,-8.6931,-0.84896,-7.6669
-0.47565,-0.93786,-0.36776,-3.9958,0.88436,0.62417,-0.57682,-4.1967,-4.5139,2.5244
-0.4688,-7.6946,3.3681,-4.753,0.7244,-3.9971,1.8828,2.2391,4.968,-4.0027
4.4975,-2.2056,-3.7683,4.7741,1.9527,0.27046,0.16681,0.75868,2.0969,-1.7855
4.1782,0.010254,-0.47227,2.1979,-1.8084,-0.44318,-1.6715,-6.7241,1.0242,-3.7617
-0.82644,0.93354,-3.383,2.5244,-0.66173,-1.3964,2.4514,1.1306,-11.347,-3.3892
0.085974,1.6361,-0.11692,-0.42995,-0.12667,-2.0266,7.6535,-0.91288,-1.4683,-4.2135
9.5941,-0.75512,6.5685,3.2978,3.6198,-5.8457,0.083171,2.3281,4.8962,-1.5646
-1.1258,-4.4561,3.153,4.2622,1.0063,-1.2842,11.051,2.5229,0.98515,-4.0298
3.4046,0.040609,-2.354,0.48761,-1.9678,1.6239,-0.6491,3.6193,2.4114,1.2352
-0.56316,-0.8539,1.1454,-2.6142,5.8055,2.2877,3.3148,6.8878,5.4213,-4.4717
-7.0315,-1.0829,1.6925,2.3609,3.5499,-0.59027,-5.1691,-0.53507,4.4061,5.2815
2.4935,5.371,-1.8376,0.71993,-6.5345,-9.872,-1.5672,12.66,-1.3874,-8.8236
-1.2153,0.41131,0.10282,5.8243,-3.4655,0.269,4.9461,-0.74957,0.15221,3.1782
1.5733,-5.7301,4.5934,2.8099,-3.1146,2.5475,-0.42646,-3.4071,1.7223,8.283
4.0096,3.5519,1.7549,3.8939,-2.514,4.1491,-8.3737,-4.9459,-1.4246,-5.5226
5.2133,0.048708,13.001,3.6242,-2.3527,-2.2722,4.83,-4.8186,3.3371,-1.3246
8.1245,4.196,1.4227,-13.937,-7.6451,-5.5834,-0.30422,-0.9706,12.625,-4.837
