-5.8166,-1.1959,4.414,0.31347,-4.3366
-2.6077,4.1487,5.6504,3.2483,-3.3874
-1.1797,3.9667,-0.13455,-3.4667,4.3959
2.2498,0.45874,-7.7314,0.1275,-0.49771
3.4568,-3.4408,0.66841,1.3827,0.25961
0.70817,-0.47764,0.11022,-1.1776,3.4491
-0.80786,-2.2711,2.9353,3.2516,4.1638
-4.8111,-8.2681,-1.705,-6.9681,12.67
-2.2688,-2.8637,7.4648,1.3428,-2.921
-1.5367,-0.14548,2.3145,-2.9579,0.7001
-1.5653,-3.2475,0.64237,8.5345,-2.11
3.5016,7.0223,-8.1913,0.55628,0.27964
7.8141,-8.1909,1.5239,-9.0521,-7.276
1.0921,3.4034,-3.1509,-0.47433,-0.27107
-0.70285,-5.7681,-1.8597,-0.11365,-5.0678
-4.0828,5.0436,2.666,-2.797,-1.7786
1.2017,-11.897,-2.3607,8.6864,3.8808
2.9358,-2.157,-4.4943,-0.46181,3.0284
-8.3541,5.5293,3.5763,-14.162,-0.30594
0.023471,-6.0409,-0.86839,3.3413,-2.6095
-3.3623,-5.6005,-2.3604,-1.0045,-9.5957
2.2241,-1.2778,-1.6713,-0.40133,-0.67846
-1.8227,-3.6131,7.3739,0.34923,-1.0832
1.1404,1.9833,-1.3387,8.6792,1.8533
-0.79088,0.98278,2.5704,-3.9374,1.1917
-2.993,-6.545,-1.6649,6.8962,-3.8974
-0.70443,-2.4958,1.2756,-3.4542,-1.4659
-4.7436,3.2407,2.6478,-0.96826,0.94545
-1.9582,-4.9698,-3.2665,6.9711,-1.3547
2.093,-5.8929,-6.6705,2.1343,-3.1234
10.386,-4.4906,-1.0498,1.7863,3.4854
4.5538,2.6289,3.0656,3.6527,-0.9484
-0.86566,2.4355,-1.8065,-1.833,1.3731
3.0808,-7.349,3.6857,1.0475,8.4947
-0.31707,-8.5862,0.34387,-4.0337,0.17847
-2.0244,0.22688,5.3885,-0.55768,0.06096
0.29903,-4.9636,-3.0778,-1.8078,-5.922
3.3822,-2.3181,1.9379,2.8056,-1.2295
-3.3188,-1.9504,7.4678,3.0834,4.84
-2.1762,-1.9789,-2.009,0.32143,-0.82959
-3.9245,-3.0733,-5.701,-0.88212,3.999
2.6161,-3.0816,0.2073,6.8805,-0.11897
0.4848,-1.693,4.7582,-0.48432,-4.0692
4.4555,-0.60807,2.6592,-1.8676,2.7277
3.0451,5.4507,5.8974,4.1524,-3.2911
-0.89605,-3.1755,-7.3973,1.2538,-4.4344
0.098039,2.4458,0.83618,-1.4137,-2.5445
-1.4867,-5.3479,-0.86261,-7.5466,-0.93662
1.3607,1.3826,-7.4993,-11.353,5.0061
2.1498,1.6715,-4.6305,0.72932,2.2001
-4.883,5.766,15.635,-3.7402,-5.1058
-1.3293,-6.2634,2.1691,-4.2616,8.4705
-0.20074,2.8756,-3.4031,-3.7053,-7.9177
2.3885,2.4202,-2.5832,6.8678,2.7142
2.3805,2.1121,1.1053,0.41622,-0.9097
0.83888,12.273,2.5474,16.309,10.447
4.4179,6.6008,-2.374,-1.4734,-6.4224
1.7268,-1.0998,-1.247,0.524,-3.9481
0.80104,-3.0147,-2.8317,-0.30509,1.7065
0.94678,2.2231,3.1862,3.7809,2.0714
1.5536,4.5029,4.7761,-6.3006,2.6916
-0.48239,0.5362,1.3806,-0.19905,-0.43683
-5.431,-4.1626,-1.8222,0.88927,-1.7507
0.88275,2.7502,0.66744,2.9254,-2.1124
-7.7896,2.2096,-3.5402,-2.6629,-4.806
0.27953,-2.8697,1.1295,-0.28266,-1.8993
2.4172,6.586,-1.1068,2.6489,-0.2347
1.1454,-5.9885,-0.87624,-0.013381,-0.85837
2.6579,3.1171,-3.1905,2.8309,3.6813
0.2598,-1.1674,-0.37928,8.1878,-1.3222
0.019369,1.3078,-0.40499,5.8819,4.4783
1.6487,2.2465,-2.0956,-5.4812,1.1854
-11.887,5.2451,9.0251,3.5744,-1.2041
8.6996,0.22422,9.3442,1.789,4.9785
-1.8491,-9.0991,-5.9434,2.0466,7.9959
1.7803,-3.9782,0.79692,5.1906,-1.3899
4.9346,1.3889,7.0873,0.88825,-2.9175
4.6732,-0.25397,-1.921,-2.3186,3.5467
5.1593,7.0593,3.9491,-5.2141,-1.1866
-7.1129,4.542,7.3972,-0.40511,3.7807
0.037229,-2.4264,-4.7499,2.0061,-3.2478
0.93316,-0.7583,5.7898,-6.5063,-1.8072
-0.79001,-2.6467,1.4549,0.7096,-3.5644
-4.415,-0.82547,-1.4084,-1.2378,2.1126
2.2701,1.1944,3.769,2.9461,2.1268
-3.7051,1.4546,0.41003,-3.6675,1.9321
-1.9924,2.5138,14.591,-1.6268,-1.7362
-1.4657,3.0568,-6.0646,2.8207,0.85232
3.2513,2.5524,-0.32392,-10.005,6.5325
6.6552,-5.7308,4.2839,-6.2655,6.2025
-6.057,0.55642,1.6553,2.0998,0.80814
-9.0784,-3.2986,4.2113,-10.22,-4.8906
-1.1405,-3.5331,4.5565,5.3193,0.051998
4.345,-1.1488,-1.8116,1.2112,-8.1405
-2.7862,-0.92945,-8.7237,-8.5467,6.2644
-7.9885,3.3768,-1.9124,8.5087,-0.98109
-3.6382,2.8271,1.7174,1.1476,-0.55402
-2.5381,-0.47176,-0.384,-2.4605,3.9245
-1.0515,0.58907,-7.1,-1.5749,-6.2415
-4.9328,-10.067,-2.7167,-8.8632,-1.2472
-0.20433,-0.7852,-2.7935,1.6147,4.4057
0.18307,5.1622,-2.0879,0.55589,-1.3854
2.8575,-7.8576,10.267,-0.93841,-0.22394
-1.5278,-2.6954,-2.9246,-1.9099,-5.9549
-0.72175,-4.9414,2.3698,5.3036,2.5163
4.0617,0.31825,3.6178,3.4352,2.0636
-7.0856,2.7476,-1.8387,-1.9764,3.413
-2.2465,2.7953,6.3718,-5.8777,7.3351
-1.3899,-8.1048,-1.5517,-0.061428,-1.9345
-0.39819,2.9976,4.8483,-0.37671,2.3039
0.62302,-6.0532,2.4011,-3.2103,-2.0421
0.79778,1.5575,-0.25531,3.35,4.8183
4.2364,-2.6193,-10.487,-5.7172,0.9621
-6.9418,-4.9353,-2.4109,4.5402,8.2552
-4.091,-4.2037,1.176,-10.901,9.0313
2.3473,9.8708,1.8454,-5.0625,1.6678
-7.6583,4.7745,0.74481,-3.4686,-10.168
5.2624,2.6956,2.2919,-1.3337,-1.1891
-0.93874,0.80642,3.3902,-3.7859,2.2408
8.3121,-1.8492,-4.4359,0.1984,-1.7724
-1.8604,-2.1076,3.3955,5.2171,4.162
7.7297,-3.3002,0.40653,-3.0995,4.5156
0.15682,-3.6828,2.4607,-7.9352,-4.577
-6.8689,3.7963,0.20028,-5.7782,0.090856
0.44537,-6.5091,-0.53297,3.0436,-4.7928
-3.1553,-6.8333,-3.3294,-2.4269,-0.73944
0.46093,-2.4759,1.6887,-0.036027,0.4115
-2.9946,0.49495,3.05,2.2783,-8.1456
-1.5203,3.1542,4.8086,-2.836,-0.40282
5.1219,2.4507,-4.0894,-1.5869,0.21188
-0.80503,-1.2213,-2.3158,-2.9663,6.1173
-0.6284,2.9062,4.7571,-0.0074757,1.5452
6.3176,-2.2847,-5.4312,-1.7301,0.81909
4.3092,4.6239,0.96716,6.3291,-2.6513
2.2835,0.15889,-1.6898,2.1377,-0.39704
5.1394,5.0355,-4.553,5.7922,0.44
1.6312,-0.70585,7.4509,-10.61,9.4264
-1.8282,2.2653,-4.3457,0.26795,6.0458
-0.59017,-5.9962,3.3532,-6.1422,2.4257
1.3597,-2.2085,2.8132,2.6648,-2.2089
1.3618,2.4765,2.2441,-5.8167,-0.50338
1.0292,3.152,-2.3856,-4.8489,3.5115
-0.31839,-0.51202,-0.13002,1.4605,2.0409
8.8816,2.0751,7.1379,5.5043,5.122
7.348,-7.2281,-0.79392,-0.56739,0.19516
-2.6029,2.2428,-0.074938,-1.7011,4.0227
-0.46767,-1.4384,7.2512,2.1367,-1.2933
0.76014,-7.5308,2.0295,2.6756,1.9502
-1.2981,-2.1666,-0.22782,-6.6795,0.24269
1.5264,-6.8124,4.2586,4.2789,7.4068
-3.1271,-4.3153,0.93326,2.5273,0.17106
-0.85764,-1.8793,-2.0345,3.116,1.4078
-6.2242,-1.0086,0.73594,-2.6214,-3.2007
0.90075,-0.14505,-2.4117,-6.8654,-6.4119
-6.9361,-3.0823,6.508,-1.8872,2.166
-0.58019,2.7617,3.7491,1.2108,4.0466
9.7426,-10.173,-10.312,4.9069,-6.5477
1.5743,4.0335,-2.2964,-0.5642,-0.70509
1.7077,0.21372,7.5464,5.7043,-3.5716
6.6766,3.7144,-4.5908,-3.542,-8.5427
0.46795,0.47406,3.1273,2.5134,-1.269
-5.2249,-11.223,-1.773,2.7278,2.4007
-1.7214,-0.60477,3.3533,4.4177,0.5969
1.2497,-2.2149,2.8259,3.0656,-1.447
3.274,-2.2705,5.4596,-4.4232,3.5963
4.0461,-2.6025,-1.8394,5.2854,-6.7981
-6.1434,3.3568,4.7023,0.57335,-1.0945
-2.1904,-1.723,-1.0501,-1.3424,1.5905
2.0617,-6.8648,3.5389,2.5214,7.0197
-9.3829,1.867,7.0218,-0.27444,-5.9516
-1.8046,-1.6177,1.382,3.1758,3.7554
-8.3493,2.8304,5.5636,0.14382,-2.3586
0.6353,2.2959,2.6692,3.5073,1.5252
3.8495,-2.3145,-3.7797,0.13477,-0.77071
-3.8172,-1.04,-1.901,2.7848,-0.51498
2.4796,-1.516,-4.129,3.1424,0.031052
-3.7584,1.3211,-1.6957,-5.4051,-6.6963
-8.5286,-0.95679,1.1495,1.0075,-1.5866
-2.1876,-1.6585,-1.9525,5.0871,-7.0991
-5.2376,-3.5509,8.2719,-0.97464,-4.3814
2.4386,-0.694,3.8376,4.1666,4.2029
1.2354,-2.3925,1.3788,-2.5949,3.4348
-2.3429,-1.4887,3.9689,-3.862,0.59678
3.1952,7.6153,1.3,-4.6363,-3.7449
6.53,1.0045,-1.1228,1.6667,-1.3775
-4.1249,4.2901,0.00037492,1.607,-1.9725
3.1756,-1.5117,7.9283,1.6988,4.6111
-4.4939,3.1001,5.9669,1.0038,2.9721
0.26901,-3.779,-3.0387,-0.98914,1.152
5.1986,3.275,5.4219,5.2055,4.4263
2.3305,-5.9822,-1.1093,2.5922,-4.1309
-2.1962,3.8633,-1.4316,-4.6694,-2.7307
7.0916,-5.4669,1.5268,5.4695,8.3352
-2.7444,8.1075,8.0926,2.4132,9.9458
1.1121,-6.6593,-2.1487,1.6204,-2.1476
-3.2083,0.24692,1.5581,0.53983,3.6909
2.8461,-2.6031,-1.4174,1.0211,-1.9372
-0.73358,4.7036,0.89367,-0.32832,-1.3106
-3.036,1.1933,5.2731,-2.6539,-3.5994
-1.5194,4.4883,4.4531,-4.1033,-4.5945
-3.21,0.65119,-2.8486,3.314,-3.5632
-2.4608,5.7153,0.35305,6.2768,1.3929
-0.60446,2.9662,-6.6721,2.5135,-6.8474
-1.9173,3.9332,3.4795,-0.28008,5.3063
-3.5405,1.6331,-0.39596,-0.29496,3.0877
0.93117,-12.047,-0.4697,-0.11654,-5.6148
-5.9216,5.7793,-1.5365,3.4023,0.32726
1.6854,-0.31352,-2.0398,0.48891,-0.58749
0.42853,2.4142,1.2056,-1.1709,-3.612
-1.4605,-5.6901,-0.81572,-1.5004,1.8186
-9.9204,-2.6014,-0.17518,-4.5103,-4.4684
-3.1816,-5.6671,4.4738,-4.7502,5.5606
-1.4465,2.8058,-0.25333,3.313,-2.7026
2.6087,3.8607,-0.14668,-1.8034,-5.3918
-1.6685,-3.4939,4.9673,1.1739,4.5136
-0.19146,-1.3198,2.5703,-1.9768,-2.2704
4.2592,-2.0202,6.9064,-7.6618,-3.6594
4.6999,2.472,1.8472,5.0151,-1.1138
-2.3277,-3.3235,4.5929,-3.6319,4.7626
-3.6755,0.11693,5.3517,3.4893,-0.15107
-7.8704,1.3597,1.1329,0.40416,-2.1466
-3.7149,0.097887,-1.6921,3.5826,-1.329
4.1366,-3.1664,3.1548,-2.351,-12.364
0.78467,3.1479,1.7783,2.6766,-4.7099
0.54483,0.53764,0.66753,-0.69617,0.29247
-3.0152,4.3575,-2.7766,-5.4098,7.4057
-4.7596,0.89484,2.0174,3.2441,2.9307
2.4109,-0.361,0.39318,8.5187,3.8423
-4.0403,1.407,7.2112,-4.142,-2.6875
3.3251,2.7298,1.4678,0.63843,2.2933
8.1935,4.9901,0.58493,1.3505,-2.3843
3.9315,1.5273,3.5371,-1.3439,-2.695
2.5875,-1.6499,-1.8944,1.9822,-1.2099
1.0831,-3.9901,-7.4258,-2.7333,-0.84702
-0.75426,1.8955,5.7689,-0.61392,2.4957
-4.611,-0.87516,4.28,-2.1954,-2.3358
5.7903,3.7265,-1.9723,7.4205,0.080985
0.46326,-3.5897,0.037326,0.1312,-0.29611
8.0161,3.4814,1.5865,-8.5455,-6.7168
-1.0558,1.7357,2.8091,-1.6028,-1.7886
10.366,13.339,0.79043,-1.0056,3.6214
5.5771,-0.89843,3.7589,5.0542,2.8878
-6.087,-2.4151,-4.2277,-2.7691,9.0714
0.75975,10.611,-2.1126,7.0024,-9.1282
5.244,0.6634,4.3621,8.0662,-6.7781
-3.1044,1.01,0.70264,0.77471,-1.8036
-5.4117,-4.9407,7.0368,9.5668,-4.1454
5.4662,-3.5633,4.1185,-17.404,5.7355
-4.3128,-4.2236,3.9544,-0.79891,4.1584
-6.6733,-4.4738,-1.8811,1.8074,-1.3956
0.7926,1.4088,1.8111,3.6741,1.0294
2.0085,0.020104,-4.5272,-3.3922,-2.0559
0.13192,2.9216,0.34984,-4.3123,-4.1732
0.41645,16.39,3.0513,1.54,-1.6511
8.4619,-3.6031,-7.2405,-0.61142,1.4979
2.5304,-2.4777,-2.2352,3.1043,-4.4022
-7.4405,-0.82792,-9.3362,7.6978,-0.19358
-1.6464,-3.2075,-0.30135,5.2542,-3.747
-0.1278,-4.7397,-2.6494,-1.5702,0.99268
-1.4829,1.0001,-1.6147,-4.3235,0.82308
-0.602,4.5443,4.8761,3.5141,-3.9837
3.3345,0.6427,3.1552,1.5153,-10.137
7.0998,0.49421,-1.7537,1.8724,-1.0982
5.3896,-2.4147,-2.1886,-5.2571,-2.7253
6.794,8.182,9.4503,-3.6952,4.942
-3.9923,-1.2257,4.8342,1.3073,3.0029
4.3275,-4.3659,9.6003,6.1368,-0.30837
-1.7014,-0.32121,-3.7901,1.184,1.0117
1.5173,1.9929,3.4692,-0.71031,-1.1822
-12.382,-1.6028,5.8821,7.402,-3.7126
2.3848,-0.35166,-0.26116,2.1932,0.57799
0.0045324,-1.79,0.58115,5.393,6.329
-5.515,-4.6121,-2.6998,5.4258,-6.2335
-3.1444,3.8126,0.47898,-3.7532,-3.4556
4.9718,0.62018,-2.4934,0.0094527,1.1948
-5.7144,2.1888,0.063837,6.318,-5.49
3.2004,-2.7542,-2.2928,1.5838,0.67495
-4.3408,3.7135,-0.022212,8.3639,3.4286
-8.8343,2.6359,-1.3287,-8.7581,3.6576
-2.4418,-0.90474,2.002,-9.0663,4.9007
-1.0468,1.1988,2.5827,-2.317,-0.77801
-2.8699,-0.65477,-0.59247,-7.01,-4.2404
9.549,3.5395,8.5315,-2.4976,-4.498
8.1009,3.6152,-9.2995,2.6286,5.8113
6.2681,-2.3279,1.7768,0.28343,7.7658
5.4308,-0.54786,-3.2631,-6.0831,-2.9971
5.4738,2.6977,6.0129,1.9508,0.22204
8.1952,0.1575,1.679,-2.2956,-2.2066
5.4515,1.2806,-3.6976,-1.675,-2.5289
2.3243,7.7835,-1.3843,-4.2604,-2.4635
0.83715,0.35697,-0.78457,-3.4939,5.4414
-4.8233,-3.3101,5.7322,0.75061,-0.14755
0.039134,-0.073038,1.873,-0.50927,-1.4778
0.4112,4.7096,5.5261,-0.44985,0.32987
0.38985,-9.1802,-0.77053,7.9037,-2.8284
3.7814,-3.6215,-1.3637,10.034,7.5672
-5.1334,-1.2352,-4.3435,-3.2662,3.0526
1.1365,-1.2721,-4.4488,0.072971,-2.0921
-3.4697,0.94612,-4.3929,0.32639,-0.030109
-4.2765,0.78817,1.9086,-2.3896,-3.4049
3.9955,-2.7691,0.30167,2.8808,-3.8591
-0.7422,-1.5633,0.56527,4.8242,-0.040135
-4.7583,2.5734,-1.6557,3.0099,7.402
-3.962,-1.0144,0.33537,1.0084,-2.1341
-8.8372,-1.0718,3.8597,2.7079,0.91025
-0.083192,7.5128,6.6264,9.7697,-1.7536
5.8906,3.8778,1.5278,1.9959,1.2023
13.972,-0.55536,1.3353,3.8702,7.0325
-2.453,3.6284,-5.3255,-1.5456,3.0185
9.5198,-4.8927,4.862,8.0182,6.4676
-3.9246,-0.70679,7.5827,-3.0229,1.3559
4.073,2.9487,4.074,2.231,2.1045
3.0727,12.881,5.4591,-13.413,6.1493
2.5882,6.4092,2.0261,-7.3368,0.076392
6.0089,-3.5275,3.1101,1.6657,-5.2191
1.7649,3.651,-1.4725,-2.0382,-0.0028532
2.4371,-7.984,1.5047,2.46,3.1261
1.4657,-2.0908,7.8056,-3.2013,-2.5134
-1.3128,0.5303,-0.021001,0.79096,-5.2088
3.3718,7.1932,-0.27489,-3.2345,-5.2002
-0.50121,5.8253,1.9769,1.2549,1.1099
2.984,0.33056,0.24115,-0.37092,1.9847
-2.7512,-0.94543,6.0144,4.5906,0.6712
-0.36344,-6.9047,0.017982,-5.5157,3.4929
-2.066,2.4752,1.0363,-0.9074,-3.3356
-6.6997,3.4196,-0.64968,7.0741,1.0531
-2.0359,-4.3444,-9.2763,-6.4105,-0.57083
3.5209,0.1791,1.2298,0.74255,3.8464
-1.7184,6.932,-3.3176,2.3411,-2.1959
2.1355,-3.2087,0.12786,5.0556,-1.2593
6.0918,-3.9622,2.7239,-9.4938,4.9332
0.42701,3.9513,-4.9397,-3.3388,2.7698
0.64034,-4.4504,-0.301,3.548,3.2911
-4.1126,-0.60478,-2.3883,-1.3772,-6.0753
-8.1956,-2.4895,2.0141,2.1606,1.3486
-4.6039,-8.2162,-6.0459,4.6287,-4.7794
-2.543,-4.4281,-0.73116,0.10418,-5.1062
2.3602,-3.4607,-1.1127,-0.55642,-1.6204
3.7732,0.053678,-0.34609,-7.0232,1.6411
2.7869,11.563,-4.4274,-7.9268,-5.0198
-8.8658,-0.91489,3.5668,4.6441,1.9142
3.8972,-4.7705,0.34105,-3.1442,-1.505
1.2241,3.0887,3.5675,-2.7267,-1.3254
3.3539,-0.2641,3.8395,5.7589,2.5538
8.953,0.55914,-1.4919,1.1618,4.3718
-6.63,0.97876,4.4527,4.8626,-0.058419
-0.099325,0.012174,-5.0372,-4.4485,-1.9304
0.95424,0.37841,0.58138,-2.6262,-2.7285
-4.6092,-2.2573,0.0851,1.5741,7.3675
4.379,-2.6689,3.1789,1.4214,-2.3708
0.47288,-1.4499,-2.2181,3.4538,-1.3383
1.7501,5.8848,-1.9673,0.36606,2.9473
4.2316,4.3645,-3.5389,-7.0424,6.0156
-0.99189,-1.3305,-1.1902,-4.0346,1.7146
0.56518,-2.6274,3.9826,-4.3068,-0.56238
-3.7221,-1.1448,-3.6434,-0.4693,-2.1884
-8.7031,0.22746,5.4917,1.7228,0.87013
-2.032,-0.19661,3.8247,-5.0745,5.3219
-6.1986,5.6839,3.1032,4.4236,1.5318
-0.66111,-3.2111,-3.3532,-0.37719,0.36011
2.1272,-1.7056,0.87632,-2.1709,-0.67539
-0.52777,-1.8066,3.6221,-7.4635,-4.2849
8.2465,1.1497,3.6829,-2.1892,3.7702
-1.717,-2.001,1.3344,5.803,-5.8826
5.5539,-2.4163,-5.5882,-6.235,2.3777
-3.7601,7.7884,-3.1892,-6.059,-4.5789
-0.87725,3.9013,3.9418,-5.9736,2.4854
-4.121,-2.1411,-3.6225,-0.73428,-3.725
-3.2805,-5.0919,7.1302,6.9493,1.8536
-3.2213,4.1217,-5.9453,3.9508,-1.9314
0.63977,-1.0617,-2.9535,-0.43357,-8.219
7.2903,0.14931,-3.5675,1.073,-0.26563
6.4819,1.725,0.29335,-0.076047,4.7013
5.6862,3.2605,-1.8024,2.7188,-2.33
0.98832,3.6631,2.027,-2.5578,-1.9402
3.4753,-3.9967,3.7749,0.0077586,4.7218
-2.4269,-2.9809,-2.0053,1.7035,2.4138
0.35613,-0.22584,1.1969,-7.8297,1.7719
6.6184,-1.1304,-2.3228,1.6422,-7.562
2.9077,2.6341,-0.75885,1.4477,-5.7771
4.9782,-0.21568,0.86524,1.6611,-1.0345
5.3126,-4.0634,3.9019,-6.4615,-1.1812
-0.098992,0.239,-5.7532,-5.7957,-4.4812
-1.0233,2.8094,0.21215,0.12784,-5.7172
-10.897,0.74253,3.9872,6.1121,-0.66284
11.3,-7.502,0.23396,5.9239,2.7062
4.7275,0.28196,0.94451,0.7203,-7.7005
-1.6364,0.96098,0.52254,1.695,2.7858
1.0484,3.7387,4.9973,4.2787,-4.3621
1.8392,2.9212,-1.8037,5.4646,3.3792
8.3603,1.2537,1.1156,1.8147,-4.4639
0.4912,-0.47899,0.27299,-4.8905,1.9767
1.6225,0.77414,0.71234,2.4719,-0.57103
-1.9061,2.4025,3.4039,9.6218,-7.5246
11.211,2.9371,-6.8757,2.3931,6.9986
3.3248,-7.5601,-6.0139,2.3806,-0.3319
-3.1912,-1.7974,5.0453,-3.2418,-7.5459
0.8147,-0.32407,-8.0007,3.0011,-0.29414
1.5855,6.3115,-5.5927,-5.4066,-1.518
0.64467,-4.2692,-3.9509,0.82398,-1.5881
4.0667,-2.8986,-0.76617,-2.0702,1.5392
-2.7802,1.5755,5.4505,3.0801,-0.45497
3.1604,-3.3798,-3.6729,-7.5636,-7.845
-10.205,-3.7102,-1.0331,1.6159,0.082001
-2.2125,0.78112,-5.2722,-2.1918,3.8256
-1.7795,0.1829,5.6354,2.6961,-2.7011
-3.1731,-0.74037,0.39324,0.73781,-1.5695
-4.757,-0.37757,-3.4477,-5.9804,2.6271
-1.6217,-0.63431,-3.1402,1.1028,-3.4021
-3.8385,1.4263,2.4914,-1.4297,4.4145
0.18504,2.5073,-1.946,-0.88599,1.7319
4.1356,2.3896,-4.3081,-2.5638,-8.5883
-0.51947,1.353,4.3908,-4.7057,5.5844
-0.073494,-1.9649,-4.8437,-3.8046,6.0747
-2.519,2.7606,1.9557,-8.6638,-11.583
-2.0745,5.4775,2.3811,-5.5868,-4.3189
-1.9233,1.2315,7.3923,0.013438,-1.5561
-1.217,-1.5324,1.4453,-0.67093,-2.4607
3.7804,1.3687,-8.4413,-2.457,9.1298
-3.7083,-1.6349,0.33618,-4.1347,-2.8042
3.7373,6.8558,-4.504,8.0836,-2.4364
0.87153,6.9277,5.9871,8.1935,1.4742
-4.2943,-4.698,-1.9644,-1.527,4.893
0.33525,6.6238,0.069121,-2.488,1.2824
1.4778,5.0808,-3.6911,-0.69752,0.29416
1.1434,-3.464,-1.7264,-6.3788,3.5192
-4.7906,-0.14785,5.618,2.2117,6.8268
-5.7271,-1.3591,7.0255,-1.9048,-0.76653
1.486,-3.8327,4.4368,-1.6882,0.44671
0.048512,2.5944,-4.6892,3.0863,-2.7993
5.0489,-0.30195,-2.6717,5.0707,-4.7801
2.2562,-4.4188,1.2179,1.8042,1.5207
-4.4754,0.17559,2.1531,-0.47002,2.0432
4.5385,-2.9326,-1.0977,2.6064,-5.6058
1.0558,-2.2743,3.0036,4.047,-1.1403
0.55504,-4.2918,1.4632,-12.681,0.50247
1.287,-0.73251,-1.9349,2.0912,-1.4092
1.9808,4.511,1.2502,0.75099,2.1545
2.6544,3.4245,3.3356,-1.1687,2.8724
-9.8562,-0.72626,1.9609,-6.2732,5.4198
0.069864,1.111,-2.8097,-2.3272,4.8619
0.92272,-6.4583,-5.5875,9.4536,3.1761
1.4864,7.3423,2.718,6.2587,1.1413
7.1009,0.92368,-6.4035,0.51749,2.15
0.14107,3.9968,11.223,1.821,-5.9275
3.4818,1.3755,-4.2715,3.6773,-2.486
0.94114,4.5267,0.13352,-1.7332,-5.5567
-6.3059,-2.1291,-5.7605,2.9755,-0.11028
3.8058,1.0433,7.8753,-5.0908,-1.7646
-5.2382,0.1749,-2.1511,7.7567,2.6631
2.4049,-1.1477,-1.2114,-3.575,-3.4439
3.8124,1.4004,0.030453,8.6525,4.0509
2.2792,3.9306,-3.8651,-3.3127,-5.1042
1.401,-7.2787,1.9636,6.6866,7.1907
-10.634,1.407,0.30171,-1.0112,7.0839
-0.71636,-5.5296,-1.105,0.20273,0.71499
-2.251,0.76121,-2.9581,-1.838,-2.4548
-4.7215,2.6762,-3.4721,-1.9708,-2.3457
3.7029,4.2715,0.039621,-1.2899,0.99676
-0.63066,-1.129,10.714,5.6289,-1.1723
-0.50301,0.25707,-10.389,1.0283,1.1148
11.958,-1.3187,-7.7352,-8.1719,1.7841
5.2972,10.487,1.9764,5.5334,1.9193
-1.075,6.506,-2.4504,6.0633,-1.871
-1.4569,-4.5942,1.3778,-0.20772,0.3693
-6.7002,-0.11345,-4.3915,2.2242,0.16614
5.0243,-0.7633,-0.36529,-1.2042,3.4633
-0.39438,-0.56444,-3.3951,-1.0708,-0.50049
3.0804,0.28705,-3.9974,-2.8108,-1.3355
-4.0714,3.7744,1.2097,-3.853,2.2035
0.20052,1.6092,3.0933,-6.6765,-0.79651
-7.5651,-3.9554,-3.2926,-0.27778,6.3371
-0.035532,-1.3358,-1.1887,2.8295,3.3616
0.41068,2.9265,-1.5201,-1.4968,2.282
-0.028771,5.8609,-0.71602,2.8296,-6.3593
-6.6572,4.9688,6.278,-2.3558,-1.1963
12.805,-0.70959,-3.7831,-4.2759,0.69764
-1.9095,-0.28076,-2.1261,1.9293,-4.2595
3.1866,1.6239,0.46728,0.99626,0.82551
4.7654,-0.26204,-11.133,-4.0163,4.2267
-2.3188,-2.3106,-3.3951,4.5005,-3.3568
-8.1864,-0.85804,7.6168,8.9953,9.6623
-3.4683,3.8917,-5.5908,0.86519,-0.27785
-5.9565,-3.1911,-2.4816,1.7959,0.83533
-1.0401,-0.069906,-6.34,3.0563,4.3286
9.639,-8.1344,4.0951,-4.3007,6.9057
-8.4426,5.6723,-4.5729,3.5635,-1.2734
4.3137,1.39,-0.60592,2.6104,3.0468
-0.23846,-2.4003,-2.8865,-2.9866,4.1153
1.7527,-1.125,-6.4065,-1.3956,-5.4346
5.1778,3.4974,1.6966,2.0532,0.1231
-3.4366,-2.6506,-0.010138,0.76574,0.65269
0.7357,-6.6375,3.0351,-1.1734,3.0697
0.87325,-2.0032,0.99321,-4.3638,2.1167
4.9226,0.44664,0.25564,2.8628,-4.0793
-6.2261,2.8667,1.7464,0.76886,-9.5715
-5.1338,-1.0119,-1.6039,-6.4172,-2.5253
-2.0202,5.576,-1.5521,4.4036,-2.7207
4.4481,1.1851,-0.88884,5.1134,1.7936
-4.4137,-3.5555,-3.076,6.4494,-2.2617
-2.5272,-4.5822,-6.8195,-4.4658,6.9114
-6.6537,1.2546,1.9389,-8.1261,1.5157
2.921,9.6108,1.0617,0.80226,1.1274
-1.3516,15.728,3.8083,8.238,-8.8898
-1.1172,1.4411,0.15976,2.4968,-4.4235
0.53413,-0.23762,4.0186,-3.1399,-0.52959
4.8787,0.36393,-3.9865,-4.0745,1.4965
-6.2793,0.89986,2.6597,4.2478,0.79558
-1.8493,-4.8816,-5.0345,1.6102,-5.6708
-0.83057,-6.4506,-4.1011,5.5496,-2.9687
1.9206,10.297,-5.776,1.4126,2.2527
-3.331,-2.2286,-3.9895,3.6975,5.84
0.70309,-3.5392,-6.7632,0.85995,0.82457
6.4226,1.1802,2.1684,-2.0172,-0.84423
5.3495,5.0383,-3.7638,-4.0361,2.3654
6.6781,-11.644,-1.3333,2.232,-0.5582
0.61695,5.2117,2.8442,-1.2125,-3.9313
0.87096,-0.56284,1.6378,-0.96247,-0.1123
1.2544,2.939,0.81837,-0.6456,5.0267
1.2121,4.0345,1.3007,-5.3235,-2.7538
4.7018,3.4446,-1.5791,-2.1516,-1.3333
-7.3829,3.4163,-2.9419,2.3218,-0.42862
-11.165,2.1413,-0.34263,4.1705,2.9036
1.198,3.4966,-7.0921,-3.4864,3.6844
-4.7176,4.7587,-0.58518,3.3146,-1.7363
-2.2577,-0.62526,-4.2931,1.834,1.0637
2.6041,-1.4713,2.2935,0.47067,-6.5643
0.30519,4.3094,5.037,-1.0361,2.4669
2.3117,4.4004,-2.8254,-9.0864,-1.1609
-1.1781,-0.75416,-1.0852,-0.048143,-4.7021
7.4123,-8.3762,12.492,2.6095,1.5854
-10.59,4.9688,1.3605,-7.3729,-0.50279
11.86,-2.1184,-2.2738,0.5659,3.5302
-1.6011,-1.7285,1.4166,1.057,-2.301
0.5858,6.349,1.9805,3.1915,-0.47975
-1.7059,4.9391,7.9185,6.1706,-3.5874
-3.8015,-1.8899,2.0316,0.57209,-0.02629
-7.3587,4.958,-3.9664,2.2875,-2.6711
-3.5599,8.5323,-3.0653,-0.040197,-6.6523
2.2652,1.0846,1.4588,-5.1104,6.7029
-3.052,-4.2786,-2.3419,-3.4606,0.90105
2.2503,-1.7073,-3.0607,5.9489,0.62967
-1.1263,6.0958,2.9995,0.25679,-2.7056
-6.2163,4.4137,-4.368,-2.7061,-1.7185
-3.6215,2.1154,11.529,-0.4561,-5.3331
-8.751,2.3786,4.073,-5.9348,-0.24184
-4.0839,-0.57289,2.8844,-6.7738,2.8255
-2.3665,2.6376,2.3472,-2.1578,-0.73175
3.1427,0.61427,5.4814,-1.2566,-1.4575
5.3019,5.2063,3.5385,1.3876,7.2165
-1.9061,-2.898,-3.4198,-1.4656,0.16115
1.7194,-3.7773,-0.41472,2.7768,-1.6515
-0.31998,0.069565,3.2184,1.4011,4.1073
-3.3735,-6.2528,2.7431,-3.2376,5.1195
-1.7201,0.80639,-15.572,-2.7446,1.0419
-1.7291,-2.595,-0.14723,-3.5144,3.2621
0.44165,4.1037,3.8763,-1.4348,-1.4758
0.2076,-2.0563,3.3837,-5.2443,9.7605
1.7539,1.4675,3.0323,1.5188,-4.8528
10.792,-4.3003,-13.484,-8.8329,5.0323
3.3232,-0.49362,-3.9733,3.3723,-0.93289
0.19911,-3.3213,-0.069339,-2.0441,1.7876
-3.454,-3.4694,-2.8612,-1.46,8.1258
2.8479,-1.6355,-1.7192,-2.0299,1.0844
-9.2734,-2.9456,-2.111,5.7161,0.39992
4.184,0.29541,1.2687,3.5321,-2.6299
-1.8781,5.2836,0.18714,6.4469,3.7282
5.6904,5.8394,-1.856,0.20961,-5.9382
-1.3195,1.9316,4.2894,2.7127,-2.9362
2.7281,7.0123,-5.7065,2.698,-2.4012
-0.82374,-0.83341,-0.016238,2.9439,-0.80697
-5.0428,-11.296,-2.881,-7.8762,2.3135
0.76799,2.0782,-0.18632,-0.34214,-7.0106
-0.77528,-10.888,-1.6839,-3.3402,5.3385
5.9726,7.6833,4.1822,-2.7608,-6.915
2.1361,2.8779,1.6564,-4.3019,-6.664
4.6375,2.5468,-9.0661,-3.0851,-2.5266
-5.4049,4.9379,-2.2882,2.7502,3.0803
0.93461,-1.9325,-2.5518,2.8044,4.1195
2.8458,0.31488,2.9766,-0.12706,3.9053
-0.77986,2.4917,4.4699,3.2227,-0.79047
-1.7317,1.9633,-2.4333,-4.1861,-1.2437
-3.0495,-4.1385,-4.9735,-6.5105,-1.3016
2.0811,3.343,-0.47776,-3.7078,-2.5829
-0.79945,1.6392,7.5666,-2.9227,-0.68628
1.9768,-1.5879,0.13864,3.6684,3.0013
-4.5597,-6.8924,8.287,-5.6365,1.6541
2.2442,0.48695,0.86706,-3.8843,-2.5893
6.7229,5.1763,2.6571,3.611,1.3144
2.5434,2.3544,2.6055,0.76553,3.8106
-4.112,1.5587,1.3914,-0.65921,-2.4911
2.6773,-3.3925,4.3957,-2.4414,-1.3635
-1.0504,-6.5406,1.6722,1.9843,1.4841
-6.4451,1.4512,-3.8362,-5.9926,-0.26192
4.6573,-1.4784,-1.4328,-6.4201,-1.3313
-3.1822,-3.3644,0.38706,3.5845,0.85468
-0.50796,4.1211,-6.5396,-2.2723,3.6138
8.682,-6.7347,0.99002,0.16698,1.203
5.2352,-2.6644,7.1242,-0.52001,-1.6723
0.64214,3.1295,0.13003,-8.8434,5.8669
-5.1183,-1.699,1.5291,-3.3502,-1.1057
8.1991,-7.02,5.2232,2.4868,2.9595
3.8426,-7.8669,-0.43101,-1.5891,4.6075
2.986,-0.71719,0.25604,-6.6132,0.80991
2.1454,-3.1115,-6.5908,-8.7735,6.6653
0.16304,-5.8141,1.5329,4.9967,-7.804
-3.0711,-5.7959,2.4172,3.7822,-0.89923
-5.3511,-2.9038,1.6535,5.3206,-12.616
2.8779,-5.4951,9.4254,5.2114,3.6317
2.2916,-0.64616,-0.85268,-0.94329,-1.4867
-0.60988,-0.67708,-0.17335,-1.3024,-7.5242
-3.0872,4.2478,-2.9015,-0.61627,-0.59841
2.6128,-5.4491,-12.352,-4.4841,7.1133
-7.2719,3.3833,2.6708,6.691,0.67102
-1.4448,2.8327,1.95,-5.6528,1.233
-1.6209,-6.1839,-1.2548,-1.2588,5.1218
1.8729,10.682,-10.654,2.0095,2.8719
-8.3623,7.8005,-2.9124,4.2384,4.8859
-5.7679,3.1446,-3.1533,2.2919,-3.1447
-0.064848,2.9032,-2.1374,1.1498,2.2582
-9.3743,4.6057,4.2586,8.2684,-5.751
1.3466,1.3876,4.0011,-0.47198,-1.6865
6.0495,5.2783,-4.8808,-5.9291,-2.1905
-0.47201,-2.5924,-3.1427,10.363,0.64572
-4.3402,-0.16457,4.4408,0.65805,-8.5861
-6.5667,-6.1082,-3.5646,4.6755,3.4336
0.45593,-2.546,-3.0291,1.6748,-0.12967
3.0189,3.8011,0.2697,1.1757,-2.6045
-3.0775,3.1487,1.9063,1.6304,-2.7126
4.108,2.2602,10.762,-3.3116,3.8983
-1.0879,2.4564,4.363,-2.1295,0.27045
-0.67961,-2.2744,3.5641,-8.6231,5.4641
3.449,-2.7791,8.1131,1.8621,-0.1385
4.2464,4.8522,0.47136,-4.9509,-2.3383
-2.3291,-4.9472,6.1955,0.2153,-3.5846
-3.3565,-1.4353,3.2968,0.43601,4.7101
-2.0896,-2.3198,-0.88888,0.69723,1.385
4.3292,1.1033,4.5338,0.19886,-6.9927
1.6762,-1.8451,8.347,0.82352,-1.5287
-0.57927,-10.565,-6.1715,5.733,3.7297
-7.076,12.04,4.2629,-6.5339,6.0834
3.3824,1.1807,-1.0764,-1.2512,-0.15136
-3.6902,0.95611,-1.5581,-3.2594,5.3083
-0.58201,-1.3282,5.9728,-1.5882,4.2181
-6.4203,-4.3823,4.7637,5.7954,0.27868
3.0947,-4.7639,-5.7059,5.8807,-3.7532
1.6539,-4.5162,3.1746,-1.2415,-1.3267
-2.0965,2.4138,-0.39961,0.44625,3.6271
0.012696,-11.811,-9.8855,-4.1945,-11.475
-2.578,2.2618,2.7019,5.9907,3.9516
2.7151,2.2885,2.3154,3.6254,0.71637
3.7531,-3.4148,-3.5425,-2.1927,-4.2305
-1.6419,-0.79855,-1.2627,-2.143,0.042688
-6.6121,2.7416,-5.0119,-0.065295,-2.0379
4.0087,-1.5235,-1.3152,-4.0707,-2.7146
4.2406,-0.067213,0.45155,-3.6892,-0.32023
-3.1404,-1.1689,-3.809,-0.11781,-4.2085
-3.411,-1.198,8.8517,1.5766,3.5741
3.867,3.1925,2.3309,6.2125,-6.6129
3.5934,0.30504,-9.1712,2.6778,3.5597
-1.6515,13.443,-0.17855,2.9134,-5.5361
0.35218,-0.053542,-3.6666,-2.2375,1.93
0.19467,-4.895,-6.0127,0.27236,3.6418
2.728,-4.1482,-6.063,-0.16292,-0.65573
-0.1977,-0.67895,1.9203,-5.1995,1.5426
7.3143,-0.84352,-3.4404,0.071395,-4.0621
-10.912,2.3695,3.681,-0.061702,-5.3534
0.41073,4.5584,-1.4001,3.7003,-0.20272
2.3017,4.247,-1.7138,7.4104,-4.463
0.47908,-7.1444,-0.88718,6.4183,-0.85883
-4.6798,1.0475,1.875,0.82042,0.053064
8.6315,1.6847,4.1459,4.1064,-0.66263
-0.59044,-1.3321,-2.7671,3.0553,2.3116
1.3155,-0.95349,4.6071,-0.9271,2.4878
6.6409,-7.5827,5.7419,-3.5116,3.972
2.3715,-4.7381,-3.3858,-4.477,0.13492
2.7119,5.034,-2.1796,-3.9566,-1.8386
6.6916,1.9166,-0.16855,3.5115,-4.4627
-2.0149,0.03638,-4.096,-3.9002,2.6688
0.30167,-0.14906,-2.1574,-1.0299,-3.4225
0.4637,6.5918,5.7438,-4.6511,-6.3218
5.307,0.081647,4.2573,0.36421,1.2212
-0.41296,-1.7156,-4.5385,-3.7536,2.1913
0.54133,4.9807,2.7662,7.0206,-3.3601
-9.3442,-7.4803,-0.70873,-2.1221,3.7325
-0.033465,3.8027,0.87992,6.4284,5.8652
6.5901,-2.1741,1.9738,-8.0308,-2.3155
5.9799,-2.3691,4.2735,0.95038,-0.79994
0.80208,-2.2681,2.5514,2.0788,-4.7558
7.153,4.013,4.5196,-2.6084,0.081392
-1.1251,-2.8947,-1.4779,0.36107,-0.73742
-1.5729,0.39815,3.7465,-0.86854,-2.3428
-9.1677,-7.4768,-6.528,-13.945,-4.3124
-0.11403,0.5445,1.2248,0.044197,-1.0051
7.4878,-4.3651,3.4135,-1.0168,-5.0596
-2.7026,6.6379,-2.4335,-1.7672,-5.8221
3.8382,-0.09007,3.4814,0.94658,-2.5649
8.0593,-4.9616,0.73465,-1.3699,2.6189
2.1933,4.8892,-3.6893,-1.4231,7.4669
3.3187,4.9808,2.0195,-4.004,3.6317
-2.3462,-2.3497,3.971,-4.6965,3.2357
2.0411,2.5738,1.6956,3.5277,2.2999
2.9348,-1.8375,2.4109,-6.8096,-8.5517
-11.205,-6.1356,-9.6751,2.2412,4.0825
-1.4509,-0.087059,-3.1046,-1.917,0.21928
-1.5834,2.1001,-1.8174,-4.3039,-1.1075
-4.6351,8.4284,7.3708,-0.90689,-1.9763
-3.2105,-0.86037,2.2979,1.2114,2.0971
-1.378,3.7764,4.0283,-1.8906,3.9347
3.228,0.17419,6.3977,3.8308,-0.20319
3.5326,-7.0172,-0.62555,2.583,-11.261
-2.3171,3.6237,-1.0611,-0.75102,-5.208
-0.7918,-2.4971,8.8004,3.9327,-4.0524
-8.3859,-3.6077,-2.7587,-3.8858,-1.019
1.8431,-2.5609,-0.74018,-1.5518,5.7929
4.6362,-3.1784,-2.8301,-0.38203,1.0592
-7.8743,-4.729,5.6649,-3.7879,-0.72848
-1.3082,1.1552,-0.35193,0.13201,-1.021
-4.0118,2.1171,-2.9701,-8.489,-3.2283
2.5602,4.4658,-4.0753,7.2335,-11.946
-5.5742,10.713,-3.7682,2.8095,6.5978
9.1608,5.0787,2.6605,-5.2374,1.1023
3.5782,-5.6335,1.0457,-2.2711,0.66452
4.2644,2.248,-3.2419,-2.4767,0.71614
-6.9901,-3.631,0.11426,1.2972,-4.9588
1.7431,-0.82216,0.78208,2.2268,1.9747
0.23613,3.1445,2.6275,-3.5404,2.7304
-4.4189,-6.1432,-1.5513,1.3909,-0.94753
2.1479,1.0266,-7.5133,1.1998,-1.0341
-2.2926,-0.38428,0.45602,3.6337,-0.010833
-4.8631,-4.2195,2.0227,1.7779,-2.0664
-7.3579,1.5135,-0.13971,16.996,-3.4029
-4.7895,-3.802,10.262,8.8744,-3.044
-0.10459,-0.11898,-0.50048,0.040577,-1.0746
0.769,2.0552,0.62929,2.0055,3.8078
-6.4541,-1.2396,-1.2142,-5.186,0.084349
5.7823,-3.7392,-6.886,-5.0162,-0.58015
-10.484,-3.1108,-9.3898,6.4003,0.86326
6.9967,-0.63687,0.47252,-8.7385,6.0346
1.3101,7.822,-6.5018,-0.32081,-1.6209
-0.94338,-0.39287,-3.849,-4.8851,0.49241
-4.5123,1.0975,0.32484,3.121,-5.0268
0.95907,-3.0165,-1.3482,-6.8838,-5.6032
4.2114,0.24397,0.69944,-12.306,4.5505
-1.5964,-3.0653,9.0028,3.7144,-0.20404
1.4257,-0.37749,-5.5504,1.2587,3.6743
-2.1523,-2.5225,-3.7778,-5.2407,-1.9243
3.1971,2.3938,-2.5204,0.85255,-3.4237
3.412,8.7929,-2.08,2.9146,-2.6397
-1.5015,-1.7334,-4.8409,2.3295,0.91997
6.0592,0.83788,3.917,2.8556,-7.0825
5.2535,-2.1325,4.2937,0.97128,7.1827
-9.8344,2.489,4.7889,2.6761,-5.8694
-0.99195,0.56421,3.9781,5.9006,2.4276
3.2002,0.51901,-7.2331,-0.29773,-0.66773
1.1773,-4.852,-5.1857,1.0582,0.79099
-2.1023,3.2666,-2.0148,-3.0845,4.1798
-1.2358,-5.3807,10.663,2.2041,-8.2248
8.2016,-0.16597,1.1769,1.5888,-0.26488
2.8664,-2.9218,-6.2769,-1.7045,-1.5105
1.6186,4.4947,1.4272,0.65725,0.35165
-9.9206,-3.3051,-4.1034,0.51292,2.1673
1.0881,-7.862,4.3788,-0.25673,-1.2717
3.2932,-1.783,-0.3316,-2.438,-1.1955
9.6548,-11.141,-12.257,1.4063,6.7428
-1.0746,-2.5287,-2.5644,6.8526,5.8101
-0.52619,-0.46438,3.6392,-0.45262,-0.56794
-5.4521,-1.4348,0.87685,4.3635,-1.8809
-2.5824,4.397,5.3884,2.5426,-0.91807
-2.5091,1.5824,-9.8179,4.6036,1.9315
-4.3256,4.3741,-4.4744,3.7143,1.2342
3.1354,-1.4788,2.6093,3.399,-5.5682
-1.1323,-0.70288,2.0109,0.5766,-1.0867
-1.1213,5.2503,4.1699,0.21261,-2.4931
6.9483,1.854,4.2953,-2.5022,5.4451
6.0886,0.99978,4.6196,-1.2543,5.9103
5.1652,-5.3638,1.1984,-0.11087,2.2681
1.6132,2.21,3.4838,4.1306,-4.3321
4.6735,-0.84435,1.0086,3.6817,2.3286
-4.9423,-4.497,-0.55266,-1.4471,1.6085
-2.8854,1.0091,-3.5,0.65553,-0.74343
-2.1405,5.3248,0.39669,3.575,-0.055558
0.89189,-6.6497,-0.69024,-0.59851,-0.12825
-3.0537,4.285,6.5451,-7.4937,0.38458
-11.48,-1.0008,-3.7575,-6.1448,-1.068
3.4641,5.2557,0.65037,-10.652,-1.9946
-6.7205,-7.2625,-4.8475,0.61889,4.7135
1.7834,3.5623,2.2456,1.0927,-3.6254
1.904,-4.0957,0.69791,-1.6609,-1.047
6.7784,-2.3946,1.818,-2.9016,-9.8778
-7.1881,2.4824,0.40886,-3.3587,-3.0325
-0.23238,0.11058,-2.9093,4.6273,0.75529
-0.65035,-1.3688,6.879,-0.061085,-0.94425
0.52924,-2.1524,3.4658,1.4675,-2.5518
-3.3692,-6.1447,-7.3337,-2.3696,5.1196
2.3853,-4.9033,0.52244,-0.59672,-0.1642
-2.7394,-0.6741,1.3947,-4.221,-0.59353
0.093152,-3.0141,2.0894,-4.5728,-4.7851
2.3088,8.2609,0.4605,1.6723,-6.0342
3.7093,-3.9937,4.4649,-0.021769,-2.8022
5.6327,-4.4911,-1.5277,2.7866,-6.3385
5.0833,-6.5647,-4.6172,1.3185,-1.8488
-5.0853,0.24515,-6.9558,2.2511,2.1406
7.6412,-4.6032,1.5127,-0.015197,1.8933
1.2796,1.5609,6.7509,-4.5909,-3.1731
10.992,6.5838,0.80609,7.3126,-3.5382
4.6326,3.0385,0.71852,2.4754,9.2044
-3.2869,6.7798,-1.0178,8.8839,-6.8634
-3.1456,7.1372,0.35998,-6.7199,-2.8067
0.55437,-4.2288,-0.12831,-1.1101,-2.4937
-2.3863,2.8984,0.23367,-0.53406,-0.78466
7.2888,2.1317,-3.4565,-1.4846,-0.77129
0.0108,-0.4743,-4.4036,0.096951,-1.2489
2.1362,0.54218,2.342,0.1324,-0.15733
5.5037,4.9936,0.1364,-3.3638,-4.4365
2.3257,3.3322,5.2563,-1.3419,1.9261
1.2303,-1.8898,0.34368,1.5342,1.5546
1.6718,-3.1894,0.30463,-5.0179,14.827
-0.31475,4.1429,9.6811,4.0675,-4.4545
-3.412,-0.035593,3.9264,7.8209,7.973
5.2469,-0.068038,6.5864,-2.8622,-8.7474
1.2616,7.6323,4.9006,-10.123,1.7955
-7.0336,2.8913,1.8176,-1.2113,0.85453
4.4082,-1.5815,-3.7073,0.095318,-4.5716
-7.6079,3.5203,-14.236,1.0808,5.4519
3.0499,-4.9213,-0.5812,-8.2116,-1.5592
-2.8251,0.70405,1.4031,1.8268,-5.2885
9.7317,-6.7692,4.5165,1.2864,-1.2379
1.6112,-1.8444,5.9462,2.7952,0.40834
-5.6438,-0.30388,0.12364,-0.91435,-4.339
-1.1645,-4.0559,5.4354,-0.088263,-0.42022
2.9121,3.1641,3.0302,1.6116,-4.049
1.4589,-4.165,5.8021,-2.6295,7.4236
5.6845,0.071197,-3.2119,-2.0818,1.1066
-4.0465,-1.4081,6.7891,3.9179,-4.5332
5.4757,-1.7481,1.0137,-2.3784,4.5131
-2.8382,-1.5005,3.6018,-2.6521,-0.09781
-5.03,-5.963,-15.257,4.444,3.1044
-0.14879,0.98186,-0.65939,1.433,-5.0479
-0.82727,0.11185,1.2327,-3.4343,-5.5796
-6.0328,3.586,1.198,-1.6544,2.3583
2.4232,-3.8326,0.86094,0.56647,-1.1004
-6.5156,-6.2069,4.8102,-5.0068,-1.9638
-0.47185,-3.0807,1.1514,-1.9331,-2.1539
4.1597,-2.4077,-0.65026,-1.319,-11.311
3.8849,5.609,-0.54083,-3.7823,2.4727
-1.1658,4.6683,-3.087,1.3628,0.64619
-5.1388,-3.0102,-0.76258,-1.2934,0.34243
-3.5048,6.9966,0.63269,-1.4571,3.2624
5.1659,2.1753,-5.7344,-1.9873,5.9618
1.6331,-0.05399,4.8361,0.44722,-3.9698
-1.6555,0.31564,3.9298,0.69758,-4.2123
2.6052,-1.0184,1.0191,-3.0562,0.084096
3.7696,1.1167,-0.70361,2.8299,-0.5004
4.992,2.4447,-5.8851,3.635,6.3543
3.2376,7.6801,0.25048,6.4069,1.5535
-2.3165,-0.16815,1.8719,-4.7999,-3.3911
-0.054722,4.1178,0.40006,2.4778,4.4164
-5.4886,2.7801,-2.7168,5.2457,8.8328
1.851,1.7806,-1.9807,1.2158,0.68186
-0.17413,2.2259,3.7863,-1.9924,-1.2137
2.2889,-0.84133,5.9854,-4.0975,0.041186
0.086451,-3.0439,-2.7071,-7.1615,2.2053
1.3103,-2.7788,-3.8497,2.595,-1.5447
-1.9503,-4.0586,-0.82583,5.3794,-6.3242
0.004267,-3.0344,-0.1679,-2.348,-0.072664
-0.36193,1.9845,4.1568,2.7696,-3.3635
7.5849,-7.1608,8.3875,3.608,-13.36
0.55574,-1.9873,7.1679,-1.6005,-3.0496
2.5149,-5.4419,-3.2919,2.8302,0.36476
-6.7018,1.4599,-4.1358,3.1335,7.7595
5.0302,6.889,-0.13715,4.85,-0.17304
5.0853,7.0124,4.3877,-8.5719,-0.60349
-1.1448,-6.4011,7.1405,-11.982,0.15934
1.4748,2.4858,3.5605,-1.3632,-7.809
0.16094,-7.3647,6.8748,-0.073023,0.18599
1.9467,4.8299,-3.7331,0.17932,-4.5273
-1.9638,-2.3338,5.6543,5.6866,-0.58733
-3.4246,4.811,-5.5767,4.6722,-5.5345
4.9813,-5.2707,-1.5428,4.8126,0.782
5.6506,0.72314,0.4533,3.7177,2.814
1.8658,-0.06292,2.6809,1.0498,1.7427
6.0347,-1.9666,2.3748,1.6746,1.5572
3.2037,3.1849,2.7168,0.85776,5.5349
4.1559,7.8163,11.155,-5.296,1.6484
-1.7491,3.0103,-1.1549,-0.3074,2.7388
1.3457,-6.094,-6.1082,1.1031,-4.551
3.0039,1.6687,-4.941,-3.321,-2.098
-1.8417,0.35225,0.25271,-4.9772,-2.2415
13.631,6.94,-7.5716,2.4065,4.9352
-1.1003,9.2353,4.2809,1.2824,3.733
-1.5267,-0.41624,-4.6649,-4.2247,0.24663
-3.2622,3.3665,-1.4551,1.1432,1.79
-1.6252,-2.2139,-1.6307,0.33336,1.5131
1.1004,-0.82586,-4.6736,-2.7524,2.2803
0.84075,6.252,7.2336,1.5737,1.42
-1.265,0.76494,-2.2432,0.57873,-1.5461
1.8796,1.1443,1.2395,0.19581,-0.32773
4.9942,-0.54209,1.3425,-0.89995,-3.9973
0.16101,-2.0101,8.6338,-1.0475,3.3816
1.0401,2.5512,-7.0729,0.12133,1.3978
-5.034,1.2208,-1.6669,-1.2435,2.7869
0.72037,-7.2925,9.5839,-3.449,-12.26
-0.68927,-6.7433,-6.2206,10.186,-0.93933
-0.4387,0.97444,-4.6649,-2.8652,-1.2925
1.1688,-1.4923,-4.2161,4.5014,-0.59932
10.876,-1.6917,1.4782,0.055285,-5.9212
3.2038,2.1799,3.8098,8.994,2.9321
-1.192,-5.1674,-14.614,-3.7256,4.2977
-2.6243,-2.5452,-9.6626,-3.5734,1.7638
2.5927,5.0014,1.8062,-2.7261,0.65176
-0.69721,5.0997,0.74115,2.3521,-4.1029
-2.4723,-3.7692,2.666,7.2572,-3.0317
-12.035,3.0598,9.6423,-8.4486,-3.4189
-7.237,-4.8108,-3.9283,-0.86642,3.8294
-3.1274,-1.5747,-0.99467,-6.1523,2.717
2.2608,-1.4943,0.13069,-1.5081,-0.9139
2.6399,3.7717,-4.0618,-5.5754,-1.6865
2.2579,0.50682,-3.2196,-2.0379,-3.0625
-2.3781,2.6977,0.66537,-3.1117,-2.2767
0.98172,-4.4386,2.088,-0.22747,-1.4031
-4.1254,-0.87428,-2.0069,2.7592,-3.0112
-0.045992,-0.79614,2.7545,-1.155,-2.5065
3.9657,2.9947,-1.5189,1.0631,0.75397
0.48776,-1.008,-1.8926,0.060511,5.9425
1.3005,2.5485,-1.9038,1.3736,2.1811
2.614,-0.59716,3.5229,2.3473,5.4085
7.4884,-2.2931,-3.3354,1.3907,0.25075
0.74015,-0.61338,5.7711,3.918,-0.25122
-7.3009,0.92583,-3.4255,-0.35329,0.16483
3.087,-3.9831,-4.9206,-2.3609,0.6171
2.6048,1.9747,3.2462,-1.3411,-0.89977
-3.565,2.5333,0.26123,0.9748,0.80851
2.8179,4.5511,-8.912,-1.9961,2.3397
6.6776,1.9685,-2.6281,-2.8698,1.2415
-2.4451,-3.3333,-1.5795,-2.8753,0.89355
3.3319,2.0465,3.7155,-4.1942,2.8549
1.6324,1.8483,6.4022,-7.4228,-6.0836
-4.0365,7.1479,6.6956,5.1038,-5.8042
5.6137,-0.54123,0.61243,0.085478,-1.0995
-12.69,-0.076076,9.2183,6.8062,8.4722
-8.5241,5.0544,-1.3607,0.36776,2.4426
4.4895,-0.93924,-4.8141,10.502,-1.3112
3.9735,-0.032862,0.84355,1.6794,-4.0991
0.098961,0.6452,-3.6759,-4.1356,-4.0237
0.72961,4.2204,0.33935,-1.4562,-3.6189
-3.8598,-0.4168,-3.1392,1.5608,5.4037
5.3922,1.5804,-3.3992,0.82282,5.8803
-0.79292,-1.325,2.8216,5.1516,4.2175
3.1265,-2.5582,3.9398,1.6141,-3.3179
4.2795,4.7643,-1.1139,-0.53544,0.39404
2.3162,3.0827,-1.1682,-0.29918,0.54009
5.4383,-5.053,-2.3426,0.049797,-0.23414
0.75517,-0.27821,3.1946,-0.53474,-2.7684
3.6589,-2.3955,-1.1585,1.9716,-2.5311
-0.78054,2.3458,3.12,1.3911,0.21717
-0.31686,-12.574,-1.6091,-4.5587,5.1425
0.35925,-1.7473,0.64898,4.3891,-3.8229
5.7741,12.025,3.7262,-0.63141,4.5763
1.0597,-3.4617,-3.8392,-5.1869,3.0897
-6.911,-5.6308,2.7494,-3.0878,-1.2856
1.3494,0.48982,-5.5217,1.2173,2.0046
-3.7481,-3.1263,2.2973,-4.6918,0.085375
2.2297,1.5281,-1.0723,3.9677,-3.8296
2.5703,0.26528,-1.8914,-1.3207,-1.6685
2.4432,4.2041,1.3992,0.67793,4.1055
8.3061,-2.1628,1.2264,3.5518,-4.6549
18.872,-8.0238,-9.0097,-9.1798,12.297
-0.42961,-6.6511,-1.4663,2.0394,1.0062
2.1733,2.0314,11.157,2.8127,3.261
-0.89136,1.4609,-6.6025,-5.4991,9.4555
2.8916,1.4386,-1.0312,1.2498,1.7095
-2.8505,1.2273,1.2864,1.8234,-6.9831
5.7479,6.0101,10.292,-5.6174,-3.1579
2.3832,-4.4444,1.3364,-4.2931,0.45446
-0.089563,-4.01,-0.69545,0.18043,-3.466
3.602,-0.94085,0.50853,1.978,-0.55273
-5.0134,-11.373,-2.5393,1.6725,-0.18058
-3.3972,5.6369,2.0964,1.4946,-0.065874
3.9095,-5.4543,4.1698,-1.0003,-7.1436
-0.66509,-0.61315,0.51498,-0.19127,-4.4395
-4.5148,2.0637,-0.79397,0.50296,5.5197
-7.0081,-2.7078,1.5391,-5.8129,-5.3338
-0.47565,-0.93786,-0.36776,-3.9958,0.88436
-0.4688,-7.6946,3.3681,-4.753,0.7244
4.4975,-2.2056,-3.7683,4.7741,1.9527
4.1782,0.010254,-0.47227,2.1979,-1.8084
-0.82644,0.93354,-3.383,2.5244,-0.66173
0.085974,1.6361,-0.11692,-0.42995,-0.12667
9.5941,-0.75512,6.5685,3.2978,3.6198
-1.1258,-4.4561,3.153,4.2622,1.0063
3.4046,0.040609,-2.354,0.48761,-1.9678
-0.56316,-0.8539,1.1454,-2.6142,5.8055
-7.0315,-1.0829,1.6925,2.3609,3.5499
2.4935,5.371,-1.8376,0.71993,-6.5345
-1.2153,0.41131,0.10282,5.8243,-3.4655
1.5733,-5.7301,4.5934,2.8099,-3.1146
4.0096,3.5519,1.7549,3.8939,-2.514
5.2133,0.048708,13.001,3.6242,-2.3527
8.1245,4.196,1.4227,-13.937,-7.6451
